x: 26
y: 26
room type: 3
unlock time: 0

-1,-1,-1,-1,-1,-1,-1,-1,-1,-1,-1,-1,35,36,-1,-1,-1,-1,-1,-1,-1,-1,-1,-1,-1,-1,
-1,-1,-1,-1,17,4,4,43,4,4,43,27,28,29,30,43,4,4,43,4,4,18,-1,-1,-1,-1,
-1,-1,-1,7,14,1,60,44,1,40,44,31,32,33,34,44,40,1,44,59,1,13,8,-1,-1,-1,
-1,-1,-1,5,3,0,20,45,0,0,45,24,20,19,0,20,0,0,45,0,19,2,6,-1,-1,-1,
-1,-1,-1,0,0,19,0,22,22,0,23,21,0,20,0,0,0,19,22,0,0,0,0,-1,-1,-1,
-1,-1,-1,0,0,0,0,0,0,0,24,19,0,22,0,0,0,0,0,0,19,0,0,-1,-1,-1,
-1,-1,-1,0,0,22,0,0,52,0,0,0,0,57,0,0,0,51,0,0,0,0,19,-1,-1,-1,
-1,-1,-1,0,22,51,0,0,0,22,0,0,22,0,19,22,22,0,0,0,20,0,0,-1,-1,-1,
-1,-1,-1,0,0,0,0,0,0,0,20,0,0,0,0,0,0,0,0,23,21,0,22,-1,-1,-1,
-1,-1,-1,22,19,54,0,20,0,0,19,0,22,0,0,20,0,19,55,24,25,22,0,-1,-1,-1,
-1,-1,-1,0,24,25,0,0,0,0,0,19,0,0,0,0,0,20,0,0,57,0,20,-1,-1,-1,
-1,-1,-1,0,22,0,57,20,0,0,55,0,0,0,0,0,0,0,0,0,0,0,0,-1,-1,-1,
-1,-1,-1,21,0,0,0,0,0,0,20,0,23,54,0,52,0,0,0,0,0,0,19,-1,-1,-1,
-1,-1,-1,58,0,0,0,0,0,0,0,0,24,58,0,0,20,0,0,51,0,0,51,-1,-1,-1,
-1,-1,-1,20,22,0,0,0,0,19,0,0,0,0,0,20,20,0,0,22,0,0,0,-1,-1,-1,
-1,-1,-1,51,0,0,20,55,0,0,22,20,0,0,0,22,57,0,23,52,0,22,0,-1,-1,-1,
-1,-1,-1,0,0,55,0,22,0,0,0,0,0,0,0,0,19,0,24,25,0,0,0,-1,-1,-1,
-1,-1,-1,20,0,0,0,57,0,0,0,22,19,0,0,0,0,0,20,0,19,0,20,-1,-1,-1,
-1,-1,-1,0,0,0,0,52,0,19,0,0,-1,-1,0,20,55,0,0,0,0,22,0,-1,-1,-1,
-1,-1,-1,0,22,0,0,0,0,0,20,0,13,14,0,24,25,0,0,0,20,0,0,-1,-1,-1,
-1,-1,-1,19,23,21,22,0,0,0,0,23,2,3,22,19,0,0,20,0,0,0,19,-1,-1,-1,
-1,-1,-1,-1,-1,25,20,0,22,0,19,53,25,0,22,20,0,0,0,20,0,-1,-1,-1,-1,-1,
-1,-1,-1,-1,-1,0,0,19,0,0,0,0,0,22,0,0,0,22,19,0,22,-1,-1,-1,-1,-1,
-1,-1,-1,-1,-1,-1,-1,-1,-1,-1,-1,-1,-1,-1,-1,-1,-1,-1,-1,-1,-1,-1,-1,-1,-1,-1,
-1,-1,-1,-1,-1,-1,-1,-1,-1,-1,-1,-1,-1,-1,-1,-1,-1,-1,-1,-1,-1,-1,-1,-1,-1,-1,
-1,-1,-1,-1,-1,-1,-1,-1,-1,-1,-1,-1,-1,-1,-1,-1,-1,-1,-1,-1,-1,-1,-1,-1,-1,-1,


-1,-1,-1,-1,-1,-1,-1,-1,-1,-1,-1,-1,-1,-1,-1,-1,-1,-1,-1,-1,-1,-1,-1,-1,-1,-1,
-1,-1,-1,-1,-1,-1,-1,-1,-1,-1,-1,-1,-1,-1,-1,-1,-1,-1,-1,-1,-1,-1,-1,-1,-1,-1,
-1,-1,-1,-1,-1,-1,-1,-1,-1,-1,-1,-1,-1,-1,-1,-1,-1,-1,-1,-1,-1,-1,-1,-1,-1,-1,
-1,-1,-1,-1,-1,-1,-1,-1,-1,-1,-1,-1,-1,-1,-1,-1,-1,-1,-1,-1,-1,-1,-1,-1,-1,-1,
-1,-1,-1,10,-1,-1,-1,-1,-1,-1,-1,-1,-1,-1,-1,-1,-1,-1,-1,-1,-1,-1,9,-1,-1,-1,
-1,-1,-1,10,-1,-1,-1,-1,-1,-1,-1,-1,-1,-1,-1,-1,-1,-1,-1,-1,-1,-1,9,-1,-1,-1,
-1,-1,-1,10,-1,-1,-1,-1,-1,-1,-1,-1,-1,-1,-1,-1,-1,-1,-1,-1,-1,-1,9,-1,-1,-1,
-1,-1,-1,10,-1,-1,-1,-1,-1,-1,-1,-1,-1,-1,-1,-1,-1,-1,-1,-1,-1,-1,9,-1,-1,-1,
-1,-1,-1,10,-1,-1,-1,-1,-1,-1,-1,-1,-1,-1,-1,-1,-1,-1,-1,-1,-1,-1,9,-1,-1,-1,
-1,-1,-1,10,-1,-1,-1,-1,-1,-1,-1,-1,-1,-1,-1,-1,-1,-1,-1,-1,-1,-1,9,-1,-1,-1,
-1,-1,-1,10,-1,-1,-1,-1,-1,-1,-1,-1,-1,-1,-1,-1,-1,-1,-1,-1,-1,-1,9,-1,-1,-1,
-1,-1,-1,10,-1,-1,-1,-1,-1,-1,-1,-1,-1,-1,-1,-1,-1,-1,-1,-1,-1,-1,9,-1,-1,-1,
-1,-1,-1,10,-1,-1,-1,-1,-1,-1,-1,-1,-1,-1,-1,-1,-1,-1,-1,-1,-1,-1,9,-1,-1,-1,
-1,-1,-1,10,-1,-1,-1,-1,-1,-1,-1,-1,-1,-1,-1,-1,-1,-1,-1,-1,-1,-1,9,-1,-1,-1,
-1,-1,-1,10,-1,-1,-1,-1,-1,-1,-1,-1,-1,-1,-1,-1,-1,-1,-1,-1,-1,-1,9,-1,-1,-1,
-1,-1,-1,10,-1,-1,-1,-1,-1,-1,-1,-1,-1,-1,-1,-1,-1,-1,-1,-1,-1,-1,9,-1,-1,-1,
-1,-1,-1,10,-1,-1,-1,-1,-1,-1,-1,-1,-1,-1,-1,-1,-1,-1,-1,-1,-1,-1,9,-1,-1,-1,
-1,-1,-1,10,-1,-1,-1,-1,-1,-1,-1,-1,7,8,-1,-1,-1,-1,-1,-1,-1,-1,9,-1,-1,-1,
-1,-1,-1,10,-1,-1,-1,-1,-1,-1,-1,-1,5,6,-1,-1,-1,-1,-1,-1,-1,-1,9,-1,-1,-1,
-1,-1,-1,10,-1,-1,-1,-1,-1,-1,-1,-1,-1,-1,-1,-1,-1,-1,-1,-1,-1,-1,9,-1,-1,-1,
-1,-1,-1,11,4,18,-1,-1,-1,-1,-1,-1,-1,-1,-1,-1,-1,-1,-1,-1,17,4,12,-1,-1,-1,
-1,-1,-1,2,1,10,-1,-1,-1,-1,-1,-1,-1,-1,-1,-1,-1,-1,-1,-1,9,1,3,-1,-1,-1,
-1,-1,-1,-1,-1,11,4,43,4,4,43,4,4,4,4,43,4,4,43,4,12,-1,-1,-1,-1,-1,
-1,-1,-1,-1,-1,2,1,44,1,1,44,1,1,1,1,44,1,1,44,1,3,-1,-1,-1,-1,-1,
-1,-1,-1,-1,-1,-1,-1,46,-1,-1,46,-1,-1,-1,-1,46,-1,-1,46,-1,-1,-1,-1,-1,-1,-1,
-1,-1,-1,-1,-1,-1,-1,-1,-1,-1,-1,-1,-1,-1,-1,-1,-1,-1,-1,-1,-1,-1,-1,-1,-1,-1,


-1,-1,-1,-1,-1,-1,-1,-1,-1,-1,-1,-1,-1,-1,-1,-1,-1,-1,-1,-1,-1,-1,-1,-1,-1,-1,
-1,-1,-1,-1,-1,-1,-1,-1,-1,-1,-1,-1,-1,-1,-1,-1,-1,-1,-1,-1,-1,-1,-1,-1,-1,-1,
-1,-1,-1,-1,2,0,0,0,0,0,0,0,0,0,0,0,0,0,0,0,0,1,-1,-1,-1,-1,
-1,-1,-1,0,0,-1,-1,-1,-1,-1,-1,-1,-1,-1,-1,-1,-1,-1,-1,-1,-1,0,0,-1,-1,-1,
-1,-1,-1,1,-1,-1,-1,-1,-1,-1,-1,-1,-1,-1,-1,-1,-1,-1,-1,-1,-1,-1,2,-1,-1,-1,
-1,-1,-1,1,-1,-1,-1,-1,-1,-1,-1,-1,-1,-1,-1,-1,-1,-1,-1,-1,-1,-1,2,-1,-1,-1,
-1,-1,-1,1,-1,-1,-1,-1,-1,-1,-1,-1,-1,-1,-1,-1,-1,-1,-1,-1,-1,-1,2,-1,-1,-1,
-1,-1,-1,1,-1,-1,-1,-1,-1,-1,-1,-1,-1,-1,-1,-1,-1,-1,-1,-1,-1,-1,2,-1,-1,-1,
-1,-1,-1,1,-1,-1,-1,-1,-1,-1,-1,-1,-1,-1,-1,-1,-1,-1,-1,-1,-1,-1,2,-1,-1,-1,
-1,-1,-1,1,-1,-1,-1,-1,-1,-1,-1,-1,-1,-1,-1,-1,-1,-1,-1,-1,-1,-1,2,-1,-1,-1,
-1,-1,-1,1,-1,-1,-1,-1,-1,-1,-1,-1,-1,-1,-1,-1,-1,-1,-1,-1,-1,-1,2,-1,-1,-1,
-1,-1,-1,1,-1,-1,-1,-1,-1,-1,-1,-1,-1,-1,-1,-1,-1,-1,-1,-1,-1,-1,2,-1,-1,-1,
-1,-1,-1,1,-1,-1,-1,-1,-1,-1,-1,-1,-1,-1,-1,-1,-1,-1,-1,-1,-1,-1,2,-1,-1,-1,
-1,-1,-1,1,-1,-1,-1,-1,-1,-1,-1,-1,-1,-1,-1,-1,-1,-1,-1,-1,-1,-1,2,-1,-1,-1,
-1,-1,-1,1,-1,-1,-1,-1,-1,-1,-1,-1,-1,-1,-1,-1,-1,-1,-1,-1,-1,-1,2,-1,-1,-1,
-1,-1,-1,1,-1,-1,-1,-1,-1,-1,-1,-1,-1,-1,-1,-1,-1,-1,-1,-1,-1,-1,2,-1,-1,-1,
-1,-1,-1,1,-1,-1,-1,-1,-1,-1,-1,-1,-1,-1,-1,-1,-1,-1,-1,-1,-1,-1,2,-1,-1,-1,
-1,-1,-1,1,-1,-1,-1,-1,-1,-1,-1,-1,-1,-1,-1,-1,-1,-1,-1,-1,-1,-1,2,-1,-1,-1,
-1,-1,-1,1,-1,-1,-1,-1,-1,-1,-1,-1,3,3,-1,-1,-1,-1,-1,-1,-1,-1,2,-1,-1,-1,
-1,-1,-1,1,-1,-1,-1,-1,-1,-1,-1,-1,1,2,-1,-1,-1,-1,-1,-1,-1,-1,2,-1,-1,-1,
-1,-1,-1,1,-1,-1,-1,-1,-1,-1,-1,-1,0,0,-1,-1,-1,-1,-1,-1,-1,-1,2,-1,-1,-1,
-1,-1,-1,31,3,1,-1,-1,-1,-1,-1,-1,-1,-1,-1,-1,-1,-1,-1,-1,2,3,32,-1,-1,-1,
-1,-1,-1,-1,-1,1,-1,-1,-1,-1,-1,-1,-1,-1,-1,-1,-1,-1,-1,-1,2,-1,-1,-1,-1,-1,
-1,-1,-1,-1,-1,31,3,3,3,3,3,3,3,3,3,3,3,3,3,3,32,-1,-1,-1,-1,-1,
-1,-1,-1,-1,-1,-1,-1,-1,-1,-1,-1,-1,-1,-1,-1,-1,-1,-1,-1,-1,-1,-1,-1,-1,-1,-1,
-1,-1,-1,-1,-1,-1,-1,-1,-1,-1,-1,-1,-1,-1,-1,-1,-1,-1,-1,-1,-1,-1,-1,-1,-1,-1,

-1,-1,-1,-1,-1,-1,-1,-1,-1,-1,-1,-1,-1,-1,-1,-1,-1,-1,-1,-1,-1,-1,-1,-1,-1,-1,
-1,-1,-1,-1,-1,-1,-1,-1,-1,-1,-1,-1,-1,-1,-1,-1,-1,-1,-1,-1,-1,-1,-1,-1,-1,-1,
-1,-1,-1,-1,-1,-1,-1,-1,-1,-1,-1,-1,-1,-1,-1,-1,-1,-1,-1,-1,-1,-1,-1,-1,-1,-1,
-1,-1,-1,-1,-1,-1,-1,-1,-1,-1,-1,-1,-1,-1,-1,-1,-1,-1,-1,-1,-1,-1,-1,-1,-1,-1,
-1,-1,-1,-1,-1,-1,-1,-1,-1,-1,-1,-1,-1,-1,-1,-1,-1,-1,-1,-1,-1,-1,-1,-1,-1,-1,
-1,-1,-1,-1,-1,-1,-1,-1,-1,-1,-1,-1,-1,-1,-1,-1,-1,-1,-1,-1,-1,-1,-1,-1,-1,-1,
-1,-1,-1,-1,-1,-1,-1,-1,-1,-1,-1,-1,-1,-1,-1,-1,-1,-1,-1,-1,-1,-1,-1,-1,-1,-1,
-1,-1,-1,-1,-1,-1,-1,-1,-1,-1,-1,-1,-1,-1,-1,-1,-1,-1,-1,-1,-1,-1,-1,-1,-1,-1,
-1,-1,-1,-1,-1,-1,-1,-1,-1,-1,-1,-1,-1,-1,-1,-1,-1,-1,-1,-1,-1,-1,-1,-1,-1,-1,
-1,-1,-1,-1,-1,-1,-1,-1,-1,-1,-1,-1,-1,-1,-1,-1,-1,-1,-1,-1,-1,-1,-1,-1,-1,-1,
-1,-1,-1,-1,-1,-1,-1,-1,-1,-1,-1,-1,-1,-1,-1,-1,-1,-1,-1,-1,-1,-1,-1,-1,-1,-1,
-1,-1,-1,-1,-1,-1,-1,-1,-1,-1,-1,-1,-1,-1,-1,-1,-1,-1,-1,-1,-1,-1,-1,-1,-1,-1,
-1,-1,-1,-1,-1,-1,-1,-1,-1,-1,-1,-1,-1,-1,-1,-1,-1,-1,-1,-1,-1,-1,-1,-1,-1,-1,
-1,-1,-1,-1,-1,-1,-1,-1,-1,-1,-1,-1,15,-1,-1,-1,-1,-1,-1,-1,-1,-1,-1,-1,-1,-1,
-1,-1,-1,-1,-1,-1,-1,-1,-1,-1,-1,1,-1,1,-1,-1,-1,-1,-1,-1,-1,-1,-1,-1,-1,-1,
-1,-1,-1,-1,-1,-1,-1,-1,-1,-1,-1,-1,-1,-1,-1,-1,-1,-1,-1,-1,-1,-1,-1,-1,-1,-1,
-1,-1,-1,-1,-1,-1,-1,-1,-1,-1,-1,-1,-1,-1,-1,-1,-1,-1,-1,-1,-1,-1,-1,-1,-1,-1,
-1,-1,-1,-1,-1,-1,-1,-1,-1,-1,-1,-1,-1,-1,-1,-1,-1,-1,-1,-1,-1,-1,-1,-1,-1,-1,
-1,-1,-1,-1,-1,-1,-1,-1,-1,-1,-1,-1,-1,-1,-1,-1,-1,-1,-1,-1,-1,-1,-1,-1,-1,-1,
-1,-1,-1,-1,-1,-1,-1,-1,-1,-1,-1,-1,-1,-1,-1,-1,-1,-1,-1,-1,-1,-1,-1,-1,-1,-1,
-1,-1,-1,-1,-1,-1,-1,-1,-1,-1,-1,-1,-1,-1,-1,-1,-1,-1,-1,-1,-1,-1,-1,-1,-1,-1,
-1,-1,-1,-1,-1,-1,-1,-1,-1,-1,-1,-1,-1,-1,-1,-1,-1,-1,-1,-1,-1,-1,-1,-1,-1,-1,
-1,-1,-1,-1,-1,-1,-1,-1,-1,-1,-1,-1,100,-1,-1,-1,-1,-1,-1,-1,-1,-1,-1,-1,-1,-1,
-1,-1,-1,-1,-1,-1,-1,-1,-1,-1,-1,-1,-1,-1,-1,-1,-1,-1,-1,-1,-1,-1,-1,-1,-1,-1,
-1,-1,-1,-1,-1,-1,-1,-1,-1,-1,-1,-1,-1,-1,-1,-1,-1,-1,-1,-1,-1,-1,-1,-1,-1,-1,
-1,-1,-1,-1,-1,-1,-1,-1,-1,-1,-1,-1,-1,-1,-1,-1,-1,-1,-1,-1,-1,-1,-1,-1,-1,-1,
