x: 42
y: 42
room type: 2
unlock time: 0

-1,-1,-1,-1,-1,-1,-1,-1,-1,-1,-1,-1,-1,-1,-1,-1,-1,-1,-1,-1,-1,-1,-1,35,36,-1,-1,-1,-1,-1,-1,-1,-1,-1,-1,-1,-1,-1,-1,-1,-1,-1,
-1,-1,-1,-1,-1,-1,-1,-1,-1,-1,-1,-1,4,4,4,4,4,4,-1,-1,-1,7,27,28,29,30,4,-1,-1,-1,-1,-1,-1,-1,-1,-1,-1,-1,-1,-1,-1,-1,
-1,-1,-1,-1,-1,-1,-1,-1,-1,-1,-1,-1,1,1,1,1,47,1,-1,-1,-1,5,41,32,33,41,1,-1,-1,-1,-1,-1,-1,-1,-1,-1,-1,-1,-1,-1,-1,-1,
-1,-1,-1,-1,-1,-1,-1,-1,-1,-1,-1,-1,25,0,0,0,0,0,-1,-1,-1,0,0,0,0,0,22,-1,-1,-1,-1,-1,-1,-1,-1,-1,-1,-1,-1,-1,-1,-1,
-1,-1,-1,7,4,4,4,4,4,4,4,14,0,0,22,20,0,0,-1,-1,-1,19,0,0,22,0,0,13,4,4,-1,-1,-1,4,4,8,-1,-1,-1,-1,-1,-1,
-1,-1,-1,5,48,1,1,1,1,1,1,1,0,0,0,0,0,0,-1,-1,-1,0,22,0,0,0,0,2,49,48,-1,-1,-1,60,59,6,-1,-1,-1,-1,-1,-1,
-1,-1,-1,0,22,0,0,0,0,57,0,0,0,0,0,19,0,0,-1,-1,-1,0,25,0,0,22,0,0,50,0,-1,-1,-1,0,58,53,-1,-1,-1,-1,-1,-1,
-1,-1,-1,0,21,0,0,20,0,0,0,0,0,22,0,22,0,0,-1,-1,-1,0,22,0,19,0,0,0,19,22,-1,-1,-1,22,0,0,-1,-1,-1,-1,-1,-1,
-1,-1,-1,0,0,0,19,0,0,0,0,0,0,0,0,0,0,0,-1,-1,-1,0,20,0,20,0,0,0,0,20,-1,-1,-1,0,20,0,-1,-1,-1,-1,-1,-1,
-1,-1,-1,-1,-1,-1,-1,-1,-1,0,0,0,-1,-1,-1,0,0,0,-1,-1,-1,-1,-1,-1,-1,-1,-1,0,0,0,-1,-1,-1,0,0,0,-1,-1,-1,-1,-1,-1,
-1,-1,-1,7,4,4,4,4,14,0,0,0,-1,-1,-1,0,0,0,11,4,43,4,4,4,-1,-1,-1,0,0,0,13,4,14,0,0,20,-1,-1,-1,-1,-1,-1,
-1,-1,-1,5,47,1,1,1,3,19,0,0,-1,-1,-1,0,0,19,2,1,44,1,47,1,-1,-1,-1,0,20,0,2,48,3,21,0,19,-1,-1,-1,-1,-1,-1,
-1,-1,-1,0,0,0,0,0,0,0,0,22,-1,-1,-1,0,20,0,0,0,45,0,0,0,-1,-1,-1,22,0,0,0,0,24,25,0,0,-1,-1,-1,-1,-1,-1,
-1,-1,-1,0,0,20,0,0,0,0,0,20,-1,-1,-1,0,22,0,0,20,0,19,0,0,-1,-1,-1,0,0,0,19,0,0,0,20,0,-1,-1,-1,-1,-1,-1,
-1,-1,-1,0,19,23,0,51,0,0,0,0,-1,-1,-1,21,0,0,0,0,23,21,0,0,-1,-1,-1,0,20,0,0,0,0,0,0,0,-1,-1,-1,-1,-1,-1,
-1,-1,-1,0,22,0,-1,-1,-1,-1,-1,-1,-1,-1,-1,-1,-1,-1,-1,-1,-1,25,22,0,-1,-1,-1,-1,-1,-1,-1,-1,-1,0,19,0,-1,-1,-1,-1,-1,-1,
-1,-1,-1,0,0,0,-1,4,4,4,4,4,4,4,4,4,4,8,-1,-1,-1,0,0,0,-1,-1,-1,4,4,8,-1,-1,-1,0,0,20,-1,-1,-1,-1,-1,-1,
-1,-1,-1,0,0,0,2,1,60,1,48,1,1,1,1,1,47,6,-1,-1,-1,0,0,0,-1,-1,-1,41,37,6,-1,-1,-1,0,20,22,-1,-1,-1,-1,-1,-1,
-1,-1,-1,0,0,0,0,0,0,0,0,0,0,0,22,20,0,0,-1,-1,-1,0,0,0,-1,-1,-1,0,53,58,-1,-1,-1,0,0,0,-1,-1,-1,-1,-1,-1,
-1,-1,-1,0,0,0,19,0,22,0,0,0,0,0,0,0,0,0,-1,-1,-1,0,20,0,-1,-1,-1,0,0,51,-1,-1,-1,0,0,0,-1,-1,-1,-1,-1,-1,
-1,-1,-1,0,20,0,0,0,22,0,0,22,0,52,0,0,0,0,-1,-1,-1,0,0,0,-1,-1,-1,0,0,0,-1,-1,-1,22,0,0,-1,-1,-1,-1,-1,-1,
-1,-1,-1,0,0,0,-1,-1,-1,-1,-1,-1,-1,-1,-1,0,20,0,-1,-1,-1,0,19,0,-1,-1,-1,0,0,0,-1,-1,-1,0,0,0,-1,-1,-1,-1,-1,-1,
-1,-1,-1,0,22,0,-1,-1,-1,-1,-1,-1,-1,-1,-1,22,0,0,-1,-1,-1,0,0,0,13,43,14,0,0,0,-1,-1,-1,20,19,0,-1,-1,-1,-1,-1,-1,
-1,-1,-1,0,21,0,-1,-1,-1,5,1,1,1,48,3,0,22,0,-1,-1,-1,0,0,22,2,44,3,0,0,0,-1,-1,-1,0,0,0,-1,-1,-1,-1,-1,-1,
-1,-1,-1,19,0,0,-1,-1,-1,0,0,0,0,0,22,0,0,0,-1,-1,-1,0,0,0,0,45,0,0,19,0,-1,-1,-1,0,0,20,-1,-1,-1,-1,-1,-1,
-1,-1,-1,0,0,0,-1,-1,-1,0,22,0,0,0,0,22,0,22,-1,-1,-1,0,0,0,0,20,0,0,22,0,-1,-1,-1,0,0,22,-1,-1,-1,-1,-1,-1,
-1,-1,-1,0,20,0,-1,-1,-1,0,0,23,21,0,0,0,0,0,-1,-1,-1,0,0,19,0,20,20,0,0,0,-1,-1,-1,55,0,0,-1,-1,-1,-1,-1,-1,
-1,-1,-1,0,0,0,-1,-1,-1,0,0,24,-1,-1,-1,-1,-1,-1,-1,-1,-1,0,0,0,-1,-1,-1,-1,-1,-1,-1,-1,-1,0,0,0,-1,-1,-1,-1,-1,-1,
-1,-1,-1,51,0,0,-1,-1,-1,0,20,0,-1,-1,-1,7,4,4,4,4,-1,0,0,0,-1,-1,-1,4,4,4,4,4,14,20,0,19,-1,-1,-1,-1,-1,-1,
-1,-1,-1,0,0,0,-1,-1,-1,22,0,0,-1,-1,-1,5,1,49,37,48,3,0,0,0,-1,-1,-1,1,47,1,59,1,3,0,0,0,-1,-1,-1,-1,-1,-1,
-1,-1,-1,0,0,0,-1,-1,-1,0,0,0,-1,-1,-1,0,0,50,0,0,0,20,0,0,-1,-1,-1,22,0,22,0,22,0,0,0,0,-1,-1,-1,-1,-1,-1,
-1,-1,-1,0,0,0,-1,-1,-1,0,22,22,-1,-1,-1,55,0,0,0,0,19,0,0,0,-1,-1,-1,0,0,20,0,0,23,0,0,0,-1,-1,-1,-1,-1,-1,
-1,-1,-1,0,20,0,-1,-1,-1,0,0,0,-1,-1,-1,0,0,0,20,0,0,0,22,0,-1,-1,-1,0,19,0,0,0,0,25,0,22,-1,-1,-1,-1,-1,-1,
-1,-1,-1,0,0,0,-1,-1,-1,19,0,0,-1,-1,-1,-1,-1,-1,-1,-1,-1,-1,-1,-1,-1,-1,-1,0,0,0,-1,-1,-1,-1,-1,-1,-1,-1,-1,-1,-1,-1,
-1,-1,-1,0,0,0,-1,-1,-1,0,0,0,-1,4,4,4,4,4,4,4,4,43,4,4,4,4,14,0,0,0,13,4,4,4,4,8,-1,-1,-1,-1,-1,-1,
-1,-1,-1,0,0,0,-1,-1,-1,22,0,22,2,1,1,48,1,47,1,1,1,44,1,1,1,48,3,0,20,0,2,1,1,47,1,6,-1,-1,-1,-1,-1,-1,
-1,-1,-1,0,0,0,-1,-1,-1,0,0,0,0,0,0,20,0,0,0,19,0,45,0,0,0,0,0,0,0,0,0,22,0,0,0,0,-1,-1,-1,-1,-1,-1,
-1,-1,-1,0,22,0,-1,-1,-1,0,0,20,0,22,0,19,0,0,0,0,19,0,0,0,20,22,0,0,22,23,19,0,0,51,0,22,-1,-1,-1,-1,-1,-1,
-1,-1,-1,23,19,0,-1,-1,-1,51,0,0,22,20,0,0,0,0,22,0,0,0,0,0,0,0,0,0,0,0,0,20,0,0,20,0,-1,-1,-1,-1,-1,-1,
-1,-1,-1,-1,-1,-1,-1,-1,-1,-1,-1,-1,-1,-1,-1,-1,-1,-1,-1,-1,-1,-1,-1,-1,-1,-1,-1,-1,-1,-1,-1,-1,-1,-1,-1,-1,-1,-1,-1,-1,-1,-1,
-1,-1,-1,-1,-1,-1,-1,-1,-1,-1,-1,-1,-1,-1,-1,-1,-1,-1,-1,-1,-1,-1,-1,-1,-1,-1,-1,-1,-1,-1,-1,-1,-1,-1,-1,-1,-1,-1,-1,-1,-1,-1,
-1,-1,-1,-1,-1,-1,-1,-1,-1,-1,-1,-1,-1,-1,-1,-1,-1,-1,-1,-1,-1,-1,-1,-1,-1,-1,-1,-1,-1,-1,-1,-1,-1,-1,-1,-1,-1,-1,-1,-1,-1,-1,

-1,-1,-1,-1,-1,-1,-1,-1,-1,-1,-1,-1,-1,-1,-1,-1,-1,-1,-1,-1,-1,-1,-1,-1,-1,-1,-1,-1,-1,-1,-1,-1,-1,-1,-1,-1,-1,-1,-1,-1,-1,-1,
-1,-1,-1,-1,-1,-1,-1,-1,-1,-1,-1,17,-1,-1,-1,-1,-1,-1,18,-1,-1,-1,-1,-1,-1,-1,-1,18,-1,-1,-1,-1,-1,-1,-1,-1,-1,-1,-1,-1,-1,-1,
-1,-1,-1,-1,-1,-1,-1,-1,-1,-1,-1,9,-1,-1,-1,-1,-1,-1,10,-1,-1,-1,-1,-1,-1,-1,-1,10,-1,-1,-1,-1,-1,-1,-1,-1,-1,-1,-1,-1,-1,-1,
-1,-1,-1,-1,-1,-1,-1,-1,-1,-1,-1,9,-1,-1,-1,-1,-1,-1,10,-1,-1,10,-1,-1,-1,-1,-1,10,-1,-1,-1,-1,-1,-1,-1,-1,-1,-1,-1,-1,-1,-1,
-1,-1,-1,-1,-1,-1,-1,-1,-1,-1,-1,-1,-1,-1,-1,-1,-1,-1,10,-1,-1,10,-1,-1,-1,-1,-1,-1,-1,-1,18,-1,17,-1,-1,-1,-1,-1,-1,-1,-1,-1,
-1,-1,-1,-1,-1,-1,-1,-1,-1,-1,-1,-1,-1,-1,-1,-1,-1,-1,10,-1,-1,10,-1,-1,-1,-1,-1,-1,-1,-1,10,-1,9,-1,-1,-1,-1,-1,-1,-1,-1,-1,
-1,-1,-1,10,-1,-1,-1,-1,-1,-1,-1,-1,-1,-1,-1,-1,-1,-1,10,-1,-1,10,-1,-1,-1,-1,-1,-1,-1,-1,10,-1,9,-1,-1,9,-1,-1,-1,-1,-1,-1,
-1,-1,-1,10,-1,-1,-1,-1,-1,-1,-1,-1,-1,-1,-1,-1,-1,-1,10,-1,-1,10,-1,-1,-1,-1,-1,-1,-1,-1,10,-1,9,-1,-1,9,-1,-1,-1,-1,-1,-1,
-1,-1,-1,11,4,4,4,4,8,-1,-1,17,4,4,4,18,-1,-1,10,-1,-1,11,4,4,4,4,4,18,-1,-1,10,-1,9,-1,-1,9,-1,-1,-1,-1,-1,-1,
-1,-1,-1,2,1,1,1,1,6,-1,-1,9,2,1,3,10,-1,-1,10,-1,-1,2,1,1,1,1,1,10,-1,-1,10,-1,9,-1,-1,9,-1,-1,-1,-1,-1,-1,
-1,-1,-1,-1,-1,-1,-1,-1,-1,-1,-1,9,-1,-1,-1,10,-1,-1,-1,-1,-1,-1,-1,-1,18,-1,-1,10,-1,-1,-1,-1,-1,-1,-1,9,-1,-1,-1,-1,-1,-1,
-1,-1,-1,-1,-1,-1,-1,-1,-1,-1,-1,9,-1,-1,-1,10,-1,-1,-1,-1,-1,-1,-1,-1,10,-1,-1,10,-1,-1,-1,-1,-1,-1,-1,9,-1,-1,-1,-1,-1,-1,
-1,-1,-1,10,-1,-1,-1,-1,-1,-1,-1,9,-1,-1,-1,10,-1,-1,-1,-1,-1,-1,-1,-1,10,-1,-1,10,-1,-1,-1,-1,-1,-1,-1,9,-1,-1,-1,-1,-1,-1,
-1,-1,-1,10,-1,-1,-1,-1,-1,-1,-1,9,-1,-1,-1,10,-1,-1,-1,-1,-1,-1,-1,-1,10,-1,-1,10,-1,-1,-1,-1,-1,-1,-1,9,-1,-1,-1,-1,-1,-1,
-1,-1,-1,10,-1,-1,7,4,4,4,4,12,-1,-1,-1,11,4,4,4,4,8,-1,-1,-1,10,-1,-1,11,4,4,4,4,8,-1,-1,9,-1,-1,-1,-1,-1,-1,
-1,-1,-1,10,-1,-1,5,1,1,1,1,3,-1,-1,-1,2,1,1,1,1,6,-1,-1,-1,10,-1,-1,2,1,1,1,1,6,-1,-1,9,-1,-1,-1,-1,-1,-1,
-1,-1,-1,10,-1,-1,13,-1,-1,-1,-1,-1,-1,-1,-1,-1,-1,-1,-1,-1,9,-1,-1,-1,10,-1,17,-1,-1,-1,-1,-1,9,-1,-1,9,-1,-1,-1,-1,-1,-1,
-1,-1,-1,10,-1,-1,-1,-1,-1,-1,-1,-1,-1,-1,-1,-1,-1,-1,-1,-1,9,-1,-1,-1,10,-1,9,-1,-1,-1,-1,-1,9,-1,-1,9,-1,-1,-1,-1,-1,-1,
-1,-1,-1,10,-1,-1,-1,-1,-1,-1,-1,-1,-1,-1,-1,-1,-1,9,-1,-1,9,-1,-1,-1,10,-1,9,-1,-1,9,-1,-1,9,-1,-1,9,-1,-1,-1,-1,-1,-1,
-1,-1,-1,10,-1,-1,-1,-1,-1,-1,-1,-1,-1,-1,-1,-1,-1,9,-1,-1,9,-1,-1,-1,10,-1,9,-1,-1,9,-1,-1,9,-1,-1,9,-1,-1,-1,-1,-1,-1,
-1,-1,-1,10,-1,17,4,4,4,4,4,4,4,4,8,-1,-1,9,-1,-1,9,-1,-1,-1,10,-1,9,-1,-1,9,-1,-1,9,-1,-1,9,-1,-1,-1,-1,-1,-1,
-1,-1,-1,10,-1,9,1,1,1,1,1,1,1,1,6,-1,-1,9,-1,-1,9,-1,-1,-1,10,-1,9,-1,-1,9,-1,-1,9,-1,-1,9,-1,-1,-1,-1,-1,-1,
-1,-1,-1,10,-1,9,-1,-1,-1,7,4,4,4,4,14,-1,-1,9,-1,-1,9,-1,-1,-1,-1,-1,-1,-1,-1,9,-1,-1,9,-1,-1,9,-1,-1,-1,-1,-1,-1,
-1,-1,-1,10,-1,9,-1,-1,-1,-1,-1,-1,-1,-1,-1,-1,-1,9,-1,-1,9,-1,-1,-1,-1,-1,-1,-1,-1,9,-1,-1,9,-1,-1,9,-1,-1,-1,-1,-1,-1,
-1,-1,-1,10,-1,9,-1,-1,-1,10,-1,-1,-1,-1,-1,-1,-1,9,-1,-1,9,-1,-1,-1,-1,-1,-1,-1,-1,9,-1,-1,9,-1,-1,9,-1,-1,-1,-1,-1,-1,
-1,-1,-1,10,-1,9,-1,-1,-1,10,-1,-1,-1,-1,-1,-1,-1,9,-1,-1,9,-1,-1,-1,-1,-1,-1,-1,-1,9,-1,-1,9,-1,-1,9,-1,-1,-1,-1,-1,-1,
-1,-1,-1,10,-1,9,-1,-1,-1,10,-1,-1,7,4,43,4,4,12,-1,-1,9,-1,-1,17,4,4,4,4,4,12,-1,-1,9,-1,-1,9,-1,-1,-1,-1,-1,-1,
-1,-1,-1,10,-1,9,-1,-1,-1,10,-1,-1,5,1,44,1,1,3,-1,-1,9,-1,-1,9,1,1,1,1,1,3,-1,-1,9,-1,-1,9,-1,-1,-1,-1,-1,-1,
-1,-1,-1,10,-1,9,-1,-1,-1,10,-1,-1,10,-1,46,-1,-1,-1,-1,-1,14,-1,-1,9,-1,-1,17,-1,-1,-1,-1,-1,-1,-1,-1,9,-1,-1,-1,-1,-1,-1,
-1,-1,-1,10,-1,9,-1,-1,-1,10,-1,-1,10,-1,-1,-1,-1,-1,-1,-1,-1,-1,-1,9,-1,-1,9,-1,-1,-1,-1,-1,-1,-1,-1,9,-1,-1,-1,-1,-1,-1,
-1,-1,-1,10,-1,9,-1,-1,-1,10,-1,-1,10,-1,-1,10,-1,-1,-1,-1,-1,-1,-1,9,-1,-1,9,-1,-1,-1,-1,-1,-1,-1,-1,9,-1,-1,-1,-1,-1,-1,
-1,-1,-1,10,-1,9,-1,-1,-1,10,-1,-1,10,-1,-1,10,-1,-1,-1,-1,-1,-1,-1,9,-1,-1,9,-1,-1,-1,-1,-1,-1,-1,-1,9,-1,-1,-1,-1,-1,-1,
-1,-1,-1,10,-1,9,-1,-1,-1,10,-1,-1,10,-1,-1,11,4,4,4,4,4,4,4,12,-1,-1,9,-1,-1,-1,7,4,4,4,4,12,-1,-1,-1,-1,-1,-1,
-1,-1,-1,10,-1,9,-1,-1,-1,10,-1,-1,10,-1,-1,2,1,1,1,1,1,1,1,3,-1,-1,9,-1,-1,-1,5,1,1,1,1,3,-1,-1,-1,-1,-1,-1,
-1,-1,-1,10,-1,9,-1,-1,-1,10,-1,-1,13,-1,-1,-1,-1,-1,-1,-1,-1,-1,-1,-1,-1,-1,-1,-1,-1,-1,-1,-1,-1,-1,-1,-1,-1,-1,-1,-1,-1,-1,
-1,-1,-1,10,-1,9,-1,-1,-1,10,-1,-1,-1,-1,-1,-1,-1,-1,-1,-1,-1,-1,-1,-1,-1,-1,-1,-1,-1,-1,-1,-1,-1,-1,-1,-1,-1,-1,-1,-1,-1,-1,
-1,-1,-1,10,-1,9,-1,-1,-1,10,-1,-1,-1,-1,-1,-1,-1,-1,-1,-1,-1,-1,-1,-1,-1,-1,-1,-1,-1,-1,-1,-1,-1,-1,-1,9,-1,-1,-1,-1,-1,-1,
-1,-1,-1,10,-1,9,-1,-1,-1,10,-1,-1,-1,-1,-1,-1,-1,-1,-1,-1,-1,-1,-1,-1,-1,-1,-1,-1,-1,-1,-1,-1,-1,-1,-1,9,-1,-1,-1,-1,-1,-1,
-1,-1,-1,11,4,12,-1,-1,-1,11,4,4,4,4,4,4,4,4,4,4,4,4,4,4,4,4,4,4,4,4,4,4,43,4,4,12,-1,-1,-1,-1,-1,-1,
-1,-1,-1,2,1,3,-1,-1,-1,2,1,1,1,1,1,1,1,1,1,1,1,1,1,1,1,1,1,1,1,1,1,1,44,1,1,3,-1,-1,-1,-1,-1,-1,
-1,-1,-1,-1,-1,-1,-1,-1,-1,-1,-1,-1,-1,-1,-1,-1,-1,-1,-1,-1,-1,-1,-1,-1,-1,-1,-1,-1,-1,-1,-1,-1,46,-1,-1,-1,-1,-1,-1,-1,-1,-1,
-1,-1,-1,-1,-1,-1,-1,-1,-1,-1,-1,-1,-1,-1,-1,-1,-1,-1,-1,-1,-1,-1,-1,-1,-1,-1,-1,-1,-1,-1,-1,-1,-1,-1,-1,-1,-1,-1,-1,-1,-1,-1,

-1,-1,-1,-1,-1,-1,-1,-1,-1,-1,-1,-1,-1,-1,-1,-1,-1,-1,-1,-1,-1,-1,-1,-1,-1,-1,-1,-1,-1,-1,-1,-1,-1,-1,-1,-1,-1,-1,-1,-1,-1,-1,
-1,-1,-1,-1,-1,-1,-1,-1,-1,-1,-1,-1,-1,-1,-1,-1,-1,-1,-1,-1,-1,-1,-1,-1,-1,-1,-1,-1,-1,-1,-1,-1,-1,-1,-1,-1,-1,-1,-1,-1,-1,-1,
-1,-1,-1,-1,-1,-1,-1,-1,-1,-1,-1,2,0,0,0,0,0,0,1,-1,-1,0,0,0,0,0,0,1,-1,-1,-1,-1,-1,-1,-1,-1,-1,-1,-1,-1,-1,-1,
-1,-1,-1,-1,-1,-1,-1,-1,-1,-1,-1,2,-1,-1,-1,-1,-1,-1,1,-1,-1,1,-1,-1,-1,-1,-1,1,-1,-1,-1,-1,-1,-1,-1,-1,-1,-1,-1,-1,-1,-1,
-1,-1,-1,-1,-1,-1,-1,-1,-1,-1,-1,2,-1,-1,-1,-1,-1,-1,1,-1,-1,1,-1,-1,-1,-1,-1,1,-1,-1,-1,-1,-1,-1,-1,-1,-1,-1,-1,-1,-1,-1,
-1,-1,-1,0,0,0,0,0,0,0,0,0,-1,-1,-1,-1,-1,-1,1,-1,-1,1,-1,-1,-1,-1,-1,0,0,0,1,-1,2,0,0,0,-1,-1,-1,-1,-1,-1,
-1,-1,-1,1,-1,-1,-1,-1,-1,-1,-1,-1,-1,-1,-1,-1,-1,-1,1,-1,-1,1,-1,-1,-1,-1,-1,-1,-1,-1,1,-1,2,-1,-1,2,-1,-1,-1,-1,-1,-1,
-1,-1,-1,1,-1,-1,-1,-1,-1,-1,-1,-1,-1,-1,-1,-1,-1,-1,1,-1,-1,1,-1,-1,-1,-1,-1,-1,-1,-1,1,-1,2,-1,-1,2,-1,-1,-1,-1,-1,-1,
-1,-1,-1,1,-1,-1,-1,-1,-1,-1,-1,-1,-1,-1,-1,-1,-1,-1,1,-1,-1,1,-1,-1,-1,-1,-1,-1,-1,-1,1,-1,2,-1,-1,2,-1,-1,-1,-1,-1,-1,
-1,-1,-1,31,3,3,3,3,3,-1,-1,2,31,3,32,1,-1,-1,1,-1,-1,31,3,3,3,3,3,1,-1,-1,1,-1,2,-1,-1,2,-1,-1,-1,-1,-1,-1,
-1,-1,-1,-1,-1,-1,-1,-1,2,-1,-1,2,-1,-1,-1,1,-1,-1,-1,-1,-1,-1,-1,-1,-1,-1,-1,1,-1,-1,1,-1,2,-1,-1,2,-1,-1,-1,-1,-1,-1,
-1,-1,-1,0,0,0,0,0,0,-1,-1,2,-1,-1,-1,1,-1,-1,0,0,0,0,0,0,1,-1,-1,1,-1,-1,0,0,0,-1,-1,2,-1,-1,-1,-1,-1,-1,
-1,-1,-1,1,-1,-1,-1,-1,-1,-1,-1,2,-1,-1,-1,1,-1,-1,-1,-1,-1,-1,-1,-1,1,-1,-1,1,-1,-1,-1,-1,-1,-1,-1,2,-1,-1,-1,-1,-1,-1,
-1,-1,-1,1,-1,-1,-1,-1,-1,-1,-1,2,-1,-1,-1,1,-1,-1,-1,-1,-1,-1,-1,-1,1,-1,-1,1,-1,-1,-1,-1,-1,-1,-1,2,-1,-1,-1,-1,-1,-1,
-1,-1,-1,1,-1,-1,-1,-1,-1,-1,-1,2,-1,-1,-1,1,-1,-1,-1,-1,-1,-1,-1,-1,1,-1,-1,1,-1,-1,-1,-1,-1,-1,-1,2,-1,-1,-1,-1,-1,-1,
-1,-1,-1,1,-1,-1,3,3,3,3,3,32,-1,-1,-1,31,3,3,3,3,3,-1,-1,-1,1,-1,-1,31,3,3,3,3,3,-1,-1,2,-1,-1,-1,-1,-1,-1,
-1,-1,-1,1,-1,-1,-1,-1,-1,-1,-1,-1,-1,-1,-1,-1,-1,-1,-1,-1,2,-1,-1,-1,1,-1,-1,-1,-1,-1,-1,-1,2,-1,-1,2,-1,-1,-1,-1,-1,-1,
-1,-1,-1,1,-1,-1,0,0,0,0,0,0,0,0,0,0,0,0,-1,-1,2,-1,-1,-1,1,-1,2,0,0,0,-1,-1,2,-1,-1,2,-1,-1,-1,-1,-1,-1,
-1,-1,-1,1,-1,-1,-1,-1,-1,-1,-1,-1,-1,-1,-1,-1,-1,2,-1,-1,2,-1,-1,-1,1,-1,2,-1,-1,2,-1,-1,2,-1,-1,2,-1,-1,-1,-1,-1,-1,
-1,-1,-1,1,-1,-1,-1,-1,-1,-1,-1,-1,-1,-1,-1,-1,-1,2,-1,-1,2,-1,-1,-1,1,-1,2,-1,-1,2,-1,-1,2,-1,-1,2,-1,-1,-1,-1,-1,-1,
-1,-1,-1,1,-1,-1,-1,-1,-1,-1,-1,-1,-1,-1,-1,-1,-1,2,-1,-1,2,-1,-1,-1,1,-1,2,-1,-1,2,-1,-1,2,-1,-1,2,-1,-1,-1,-1,-1,-1,
-1,-1,-1,1,-1,2,3,3,3,3,3,3,3,3,3,-1,-1,2,-1,-1,2,-1,-1,-1,1,-1,2,-1,-1,2,-1,-1,2,-1,-1,2,-1,-1,-1,-1,-1,-1,
-1,-1,-1,1,-1,2,-1,-1,-1,-1,-1,-1,-1,-1,2,-1,-1,2,-1,-1,2,-1,-1,-1,1,-1,2,-1,-1,2,-1,-1,2,-1,-1,2,-1,-1,-1,-1,-1,-1,
-1,-1,-1,1,-1,2,-1,-1,-1,0,0,0,0,0,0,-1,-1,2,-1,-1,2,-1,-1,-1,0,0,0,-1,-1,2,-1,-1,2,-1,-1,2,-1,-1,-1,-1,-1,-1,
-1,-1,-1,1,-1,2,-1,-1,-1,1,-1,-1,-1,-1,-1,-1,-1,2,-1,-1,2,-1,-1,-1,-1,-1,-1,-1,-1,2,-1,-1,2,-1,-1,2,-1,-1,-1,-1,-1,-1,
-1,-1,-1,1,-1,2,-1,-1,-1,1,-1,-1,-1,-1,-1,-1,-1,2,-1,-1,2,-1,-1,-1,-1,-1,-1,-1,-1,2,-1,-1,2,-1,-1,2,-1,-1,-1,-1,-1,-1,
-1,-1,-1,1,-1,2,-1,-1,-1,1,-1,-1,-1,-1,-1,-1,-1,2,-1,-1,2,-1,-1,-1,-1,-1,-1,-1,-1,2,-1,-1,2,-1,-1,2,-1,-1,-1,-1,-1,-1,
-1,-1,-1,1,-1,2,-1,-1,-1,1,-1,-1,3,3,3,3,3,32,-1,-1,2,-1,-1,2,3,3,3,3,3,32,-1,-1,2,-1,-1,2,-1,-1,-1,-1,-1,-1,
-1,-1,-1,1,-1,2,-1,-1,-1,1,-1,-1,1,-1,-1,-1,-1,-1,-1,-1,2,-1,-1,2,-1,-1,-1,-1,-1,-1,-1,-1,2,-1,-1,2,-1,-1,-1,-1,-1,-1,
-1,-1,-1,1,-1,2,-1,-1,-1,1,-1,-1,1,-1,-1,0,0,0,0,0,0,-1,-1,2,-1,-1,2,0,0,0,0,0,0,-1,-1,2,-1,-1,-1,-1,-1,-1,
-1,-1,-1,1,-1,2,-1,-1,-1,1,-1,-1,1,-1,-1,1,-1,-1,-1,-1,-1,-1,-1,2,-1,-1,2,-1,-1,-1,-1,-1,-1,-1,-1,2,-1,-1,-1,-1,-1,-1,
-1,-1,-1,1,-1,2,-1,-1,-1,1,-1,-1,1,-1,-1,1,-1,-1,-1,-1,-1,-1,-1,2,-1,-1,2,-1,-1,-1,-1,-1,-1,-1,-1,2,-1,-1,-1,-1,-1,-1,
-1,-1,-1,1,-1,2,-1,-1,-1,1,-1,-1,1,-1,-1,1,-1,-1,-1,-1,-1,-1,-1,2,-1,-1,2,-1,-1,-1,-1,-1,-1,-1,-1,2,-1,-1,-1,-1,-1,-1,
-1,-1,-1,1,-1,2,-1,-1,-1,1,-1,-1,1,-1,-1,31,3,3,3,3,3,3,3,32,-1,-1,2,-1,-1,-1,3,3,3,3,3,32,-1,-1,-1,-1,-1,-1,
-1,-1,-1,1,-1,2,-1,-1,-1,1,-1,-1,-1,-1,-1,-1,-1,-1,-1,-1,-1,-1,-1,-1,-1,-1,2,-1,-1,-1,1,-1,-1,-1,-1,-1,-1,-1,-1,-1,-1,-1,
-1,-1,-1,1,-1,2,-1,-1,-1,1,-1,-1,0,0,0,0,0,0,0,0,0,0,0,0,0,0,0,-1,-1,-1,0,0,0,0,0,0,-1,-1,-1,-1,-1,-1,
-1,-1,-1,1,-1,2,-1,-1,-1,1,-1,-1,-1,-1,-1,-1,-1,-1,-1,-1,-1,-1,-1,-1,-1,-1,-1,-1,-1,-1,-1,-1,-1,-1,-1,2,-1,-1,-1,-1,-1,-1,
-1,-1,-1,1,-1,2,-1,-1,-1,1,-1,-1,-1,-1,-1,-1,-1,-1,-1,-1,-1,-1,-1,-1,-1,-1,-1,-1,-1,-1,-1,-1,-1,-1,-1,2,-1,-1,-1,-1,-1,-1,
-1,-1,-1,1,-1,2,-1,-1,-1,1,-1,-1,-1,-1,-1,-1,-1,-1,-1,-1,-1,-1,-1,-1,-1,-1,-1,-1,-1,-1,-1,-1,-1,-1,-1,2,-1,-1,-1,-1,-1,-1,
-1,-1,-1,31,3,32,-1,-1,-1,31,3,3,3,3,3,3,3,3,3,3,3,3,3,3,3,3,3,3,3,3,3,3,3,3,3,32,-1,-1,-1,-1,-1,-1,
-1,-1,-1,-1,-1,-1,-1,-1,-1,-1,-1,-1,-1,-1,-1,-1,-1,-1,-1,-1,-1,-1,-1,-1,-1,-1,-1,-1,-1,-1,-1,-1,-1,-1,-1,-1,-1,-1,-1,-1,-1,-1,
-1,-1,-1,-1,-1,-1,-1,-1,-1,-1,-1,-1,-1,-1,-1,-1,-1,-1,-1,-1,-1,-1,-1,-1,-1,-1,-1,-1,-1,-1,-1,-1,-1,-1,-1,-1,-1,-1,-1,-1,-1,-1,

-1,-1,-1,-1,-1,-1,-1,-1,-1,-1,-1,-1,-1,-1,-1,-1,-1,-1,-1,-1,-1,-1,-1,-1,-1,-1,-1,-1,-1,-1,-1,-1,-1,-1,-1,-1,-1,-1,-1,-1,-1,-1,
-1,-1,-1,-1,-1,-1,-1,-1,-1,-1,-1,-1,-1,-1,-1,-1,-1,-1,-1,-1,-1,-1,-1,-1,-1,-1,-1,-1,-1,-1,-1,-1,-1,-1,-1,-1,-1,-1,-1,-1,-1,-1,
-1,-1,-1,-1,-1,-1,-1,-1,-1,-1,-1,-1,-1,-1,-1,-1,-1,-1,-1,-1,-1,-1,-1,-1,-1,-1,-1,-1,-1,-1,-1,-1,-1,-1,-1,-1,-1,-1,-1,-1,-1,-1,
-1,-1,-1,-1,-1,-1,-1,-1,-1,-1,-1,-1,-1,4,19,19,4,-1,-1,-1,-1,-1,-1,-1,-1,-1,-1,-1,-1,-1,-1,-1,-1,-1,-1,-1,-1,-1,-1,-1,-1,-1,
-1,-1,-1,-1,-1,-1,-1,-1,-1,-1,-1,-1,4,-1,19,19,-1,4,-1,-1,-1,-1,-1,-1,-1,-1,-1,-1,-1,-1,-1,-1,-1,-1,-1,-1,-1,-1,-1,-1,-1,-1,
-1,-1,-1,-1,-1,-1,-1,-1,-1,-1,-1,-1,-1,-1,-1,-1,-1,-1,-1,-1,-1,-1,-1,-1,-1,-1,-1,-1,-1,-1,-1,-1,-1,-1,-1,-1,-1,-1,-1,-1,-1,-1,
-1,-1,-1,-1,-1,5,19,-1,-1,-1,-1,-1,-1,-1,-1,-1,-1,-1,-1,-1,-1,-1,-1,-1,-1,-1,-1,-1,-1,-1,-1,-1,-1,6,6,6,-1,-1,-1,-1,-1,-1,
-1,-1,-1,-1,5,19,-1,-1,-1,-1,-1,-1,-1,-1,-1,-1,-1,-1,-1,-1,-1,-1,-1,-1,-1,-1,-1,-1,-1,-1,-1,-1,-1,7,7,7,-1,-1,-1,-1,-1,-1,
-1,-1,-1,-1,-1,5,19,-1,-1,-1,-1,-1,-1,-1,-1,-1,-1,-1,-1,-1,-1,-1,-1,-1,-1,-1,-1,-1,-1,-1,-1,-1,-1,3,3,3,-1,-1,-1,-1,-1,-1,
-1,-1,-1,-1,-1,-1,-1,-1,-1,-1,-1,-1,-1,-1,-1,-1,-1,-1,-1,-1,-1,-1,-1,-1,-1,-1,-1,21,-1,-1,-1,-1,-1,-1,-1,-1,-1,-1,-1,-1,-1,-1,
-1,-1,-1,-1,-1,-1,-1,-1,-1,19,19,19,-1,-1,-1,-1,-1,-1,-1,-1,-1,-1,-1,-1,-1,-1,-1,-1,20,-1,-1,-1,-1,-1,-1,-1,-1,-1,-1,-1,-1,-1,
-1,-1,-1,-1,-1,-1,-1,-1,-1,-1,-1,-1,-1,-1,-1,-1,-1,-1,-1,-1,-1,-1,-1,-1,-1,-1,-1,-1,-1,19,-1,-1,-1,-1,-1,-1,-1,-1,-1,-1,-1,-1,
-1,-1,-1,-1,-1,-1,-1,-1,-1,-1,-1,-1,-1,-1,-1,-1,-1,-1,-1,-1,-1,-1,-1,-1,-1,-1,-1,-1,-1,-1,-1,-1,-1,-1,-1,-1,-1,-1,-1,-1,-1,-1,
-1,-1,-1,-1,21,-1,-1,-1,-1,-1,-1,-1,-1,-1,-1,-1,-1,-1,-1,-1,-1,-1,-1,-1,-1,-1,-1,-1,-1,-1,-1,-1,-1,-1,-1,-1,-1,-1,-1,-1,-1,-1,
-1,-1,-1,-1,-1,-1,-1,-1,-1,-1,-1,-1,-1,-1,-1,-1,-1,-1,-1,-1,-1,-1,-1,-1,-1,-1,-1,-1,-1,-1,-1,-1,-1,-1,-1,-1,-1,-1,-1,-1,-1,-1,
-1,-1,-1,-1,-1,-1,-1,-1,-1,-1,-1,-1,-1,-1,-1,-1,-1,-1,-1,-1,-1,-1,-1,-1,-1,-1,-1,-1,-1,-1,-1,-1,-1,-1,-1,-1,-1,-1,-1,-1,-1,-1,
-1,-1,-1,-1,-1,-1,-1,-1,-1,-1,-1,-1,-1,-1,-1,-1,-1,-1,-1,-1,-1,-1,-1,-1,-1,-1,-1,-1,-1,-1,-1,-1,-1,-1,-1,19,-1,-1,-1,-1,-1,-1,
-1,-1,-1,-1,-1,-1,-1,-1,-1,-1,-1,-1,-1,-1,-1,-1,-1,-1,-1,-1,-1,-1,19,-1,-1,-1,-1,-1,-1,-1,-1,-1,-1,-1,-1,-1,-1,-1,-1,-1,-1,-1,
-1,-1,-1,-1,-1,-1,-1,-1,-1,-1,-1,-1,-1,-1,-1,-1,-1,-1,-1,-1,-1,-1,-1,19,-1,-1,-1,-1,-1,-1,-1,-1,-1,19,-1,-1,-1,-1,-1,-1,-1,-1,
-1,-1,-1,-1,-1,-1,-1,-1,-1,-1,-1,-1,-1,-1,-1,-1,-1,-1,-1,-1,-1,-1,-1,-1,-1,-1,-1,14,19,-1,-1,-1,-1,-1,-1,-1,-1,-1,-1,-1,-1,-1,
-1,-1,-1,-1,-1,-1,-1,-1,-1,-1,-1,-1,-1,-1,-1,-1,-1,-1,-1,-1,-1,19,-1,-1,-1,-1,-1,-1,-1,-1,-1,-1,-1,-1,-1,19,-1,-1,-1,-1,-1,-1,
-1,-1,-1,-1,-1,-1,-1,-1,-1,-1,-1,-1,-1,-1,-1,-1,-1,19,-1,-1,-1,-1,-1,-1,-1,-1,-1,-1,19,14,-1,-1,-1,-1,-1,-1,-1,-1,-1,-1,-1,-1,
-1,-1,-1,19,-1,-1,-1,-1,-1,-1,-1,-1,-1,-1,-1,19,-1,-1,-1,-1,-1,-1,-1,-1,-1,-1,-1,-1,-1,-1,-1,-1,-1,-1,-1,-1,-1,-1,-1,-1,-1,-1,
-1,-1,-1,-1,-1,-1,-1,-1,-1,-1,-1,-1,-1,-1,-1,-1,-1,-1,-1,-1,-1,19,-1,-1,-1,-1,-1,-1,-1,-1,-1,-1,-1,-1,19,-1,-1,-1,-1,-1,-1,-1,
-1,-1,-1,-1,-1,19,-1,-1,-1,-1,-1,-1,-1,-1,-1,-1,-1,-1,-1,-1,-1,-1,-1,19,-1,-1,-1,-1,-1,-1,-1,-1,-1,-1,-1,-1,-1,-1,-1,-1,-1,-1,
-1,-1,-1,-1,-1,-1,-1,-1,-1,-1,-1,-1,-1,-1,-1,19,-1,-1,-1,-1,-1,-1,-1,-1,-1,-1,-1,-1,-1,-1,-1,-1,-1,19,-1,-1,-1,-1,-1,-1,-1,-1,
-1,-1,-1,-1,-1,-1,-1,-1,-1,-1,-1,-1,-1,-1,-1,-1,-1,-1,-1,-1,-1,-1,-1,-1,-1,-1,-1,-1,-1,-1,-1,-1,-1,-1,-1,19,-1,-1,-1,-1,-1,-1,
-1,-1,-1,19,-1,-1,-1,-1,-1,-1,-1,-1,-1,-1,-1,-1,-1,-1,-1,-1,-1,-1,19,-1,-1,-1,-1,-1,-1,-1,-1,-1,-1,-1,-1,-1,-1,-1,-1,-1,-1,-1,
-1,-1,-1,-1,-1,-1,-1,-1,-1,-1,19,-1,-1,-1,-1,-1,-1,-1,-1,-1,-1,-1,-1,-1,-1,-1,-1,-1,-1,-1,-1,-1,-1,19,-1,-1,-1,-1,-1,-1,-1,-1,
-1,-1,-1,-1,-1,19,-1,-1,-1,-1,-1,-1,-1,-1,-1,-1,-1,-1,-1,-1,-1,-1,-1,-1,-1,-1,-1,-1,-1,-1,-1,-1,-1,-1,-1,-1,-1,-1,-1,-1,-1,-1,
-1,-1,-1,-1,-1,-1,-1,-1,-1,-1,-1,19,-1,-1,-1,-1,20,-1,-1,20,-1,-1,-1,-1,-1,-1,-1,-1,-1,-1,-1,-1,-1,-1,-1,-1,-1,-1,-1,-1,-1,-1,
-1,-1,-1,19,-1,-1,-1,-1,-1,-1,-1,-1,-1,-1,-1,-1,-1,-1,-1,-1,-1,-1,-1,-1,-1,-1,-1,-1,-1,-1,-1,-1,-1,-1,-1,-1,-1,-1,-1,-1,-1,-1,
-1,-1,-1,-1,-1,-1,-1,-1,-1,-1,19,-1,-1,-1,-1,-1,-1,-1,20,-1,-1,20,-1,-1,-1,-1,-1,-1,-1,-1,-1,-1,-1,-1,-1,-1,-1,-1,-1,-1,-1,-1,
-1,-1,-1,-1,-1,-1,-1,-1,-1,-1,-1,-1,-1,-1,-1,-1,-1,-1,-1,-1,-1,-1,-1,-1,-1,-1,-1,-1,-1,-1,-1,-1,-1,-1,-1,-1,-1,-1,-1,-1,-1,-1,
-1,-1,-1,-1,-1,-1,-1,-1,-1,-1,-1,19,-1,-1,-1,-1,-1,-1,-1,-1,-1,-1,-1,-1,-1,-1,-1,-1,-1,-1,-1,-1,-1,-1,-1,-1,-1,-1,-1,-1,-1,-1,
-1,-1,-1,-1,-1,-1,-1,-1,-1,-1,19,-1,-1,-1,-1,-1,-1,-1,-1,-1,-1,-1,-1,-1,-1,-1,-1,-1,-1,-1,-1,-1,-1,-1,-1,-1,-1,-1,-1,-1,-1,-1,
-1,-1,-1,-1,-1,-1,-1,-1,-1,-1,-1,-1,-1,-1,-1,-1,-1,-1,-1,20,-1,-1,-1,-1,-1,20,-1,-1,-1,-1,-1,8,9,-1,10,-1,-1,-1,-1,-1,-1,-1,
-1,-1,-1,-1,-1,-1,-1,-1,-1,-1,-1,-1,-1,-1,-1,-1,-1,-1,-1,-1,-1,21,-1,-1,21,-1,-1,-1,-1,-1,-1,-1,-1,-1,-1,-1,-1,-1,-1,-1,-1,-1,
-1,-1,-1,-1,100,-1,-1,-1,-1,-1,-1,-1,-1,-1,-1,-1,-1,-1,-1,20,-1,-1,-1,-1,-1,20,-1,-1,-1,-1,-1,9,8,-1,10,-1,-1,-1,-1,-1,-1,-1,
-1,-1,-1,-1,-1,-1,-1,-1,-1,-1,-1,-1,-1,-1,-1,-1,-1,-1,-1,-1,-1,-1,-1,-1,-1,-1,-1,-1,-1,-1,-1,-1,-1,-1,-1,-1,-1,-1,-1,-1,-1,-1,
-1,-1,-1,-1,-1,-1,-1,-1,-1,-1,-1,-1,-1,-1,-1,-1,-1,-1,-1,-1,-1,-1,-1,-1,-1,-1,-1,-1,-1,-1,-1,-1,-1,-1,-1,-1,-1,-1,-1,-1,-1,-1,
-1,-1,-1,-1,-1,-1,-1,-1,-1,-1,-1,-1,-1,-1,-1,-1,-1,-1,-1,-1,-1,-1,-1,-1,-1,-1,-1,-1,-1,-1,-1,-1,-1,-1,-1,-1,-1,-1,-1,-1,-1,-1,
