x: 36
y: 48
room type: 2
unlock time: 0

-1,-1,-1,-1,-1,-1,-1,-1,-1,-1,-1,-1,-1,-1,-1,-1,-1,-1,-1,-1,-1,-1,-1,-1,-1,-1,-1,-1,-1,-1,-1,-1,-1,-1,-1,-1,
-1,-1,-1,-1,-1,-1,-1,-1,-1,-1,-1,-1,-1,-1,-1,-1,-1,-1,-1,-1,-1,-1,-1,-1,-1,-1,-1,-1,-1,-1,-1,-1,-1,-1,-1,-1,
-1,-1,-1,-1,-1,-1,-1,-1,-1,-1,-1,-1,-1,-1,-1,-1,-1,-1,-1,-1,-1,-1,-1,-1,-1,-1,-1,-1,-1,-1,-1,-1,-1,-1,-1,-1,
-1,-1,-1,-1,-1,-1,-1,-1,-1,-1,-1,-1,-1,-1,-1,-1,-1,-1,-1,-1,-1,-1,-1,-1,-1,-1,-1,-1,-1,-1,-1,-1,-1,-1,-1,-1,
-1,-1,-1,-1,-1,-1,-1,-1,-1,-1,-1,-1,-1,-1,-1,-1,-1,-1,-1,-1,-1,-1,-1,-1,-1,-1,-1,-1,-1,-1,-1,-1,-1,-1,-1,-1,
-1,-1,-1,-1,-1,-1,-1,-1,-1,-1,-1,-1,-1,-1,-1,-1,-1,-1,-1,-1,-1,-1,-1,-1,-1,-1,-1,-1,-1,-1,-1,-1,-1,-1,-1,-1,
-1,-1,-1,-1,-1,-1,-1,-1,-1,-1,-1,-1,-1,-1,-1,-1,-1,-1,-1,-1,35,36,-1,-1,-1,-1,-1,-1,-1,-1,-1,-1,-1,-1,-1,-1,
-1,-1,-1,-1,-1,-1,-1,-1,-1,-1,-1,-1,7,4,4,4,4,4,4,27,28,29,30,8,-1,-1,-1,-1,-1,-1,-1,-1,-1,-1,-1,-1,
-1,-1,-1,-1,-1,-1,-1,-1,-1,-1,-1,-1,5,1,1,41,1,1,41,31,32,33,34,6,-1,-1,-1,-1,-1,-1,-1,-1,-1,-1,-1,-1,
-1,-1,-1,-1,-1,-1,-1,-1,-1,-1,-1,-1,0,22,0,0,0,51,20,0,0,0,0,0,-1,-1,-1,-1,-1,-1,-1,-1,-1,-1,-1,-1,
-1,-1,-1,-1,-1,-1,-1,-1,-1,-1,-1,-1,20,22,0,0,0,0,0,0,0,0,22,0,-1,-1,-1,-1,-1,-1,-1,-1,-1,-1,-1,-1,
-1,-1,-1,-1,-1,-1,-1,-1,-1,-1,-1,-1,0,22,0,0,0,0,20,0,0,0,20,0,-1,-1,-1,-1,-1,-1,-1,-1,-1,-1,-1,-1,
-1,-1,-1,-1,-1,-1,-1,-1,-1,-1,-1,-1,-1,-1,-1,22,0,0,-1,-1,-1,-1,-1,-1,-1,-1,-1,-1,-1,-1,-1,-1,-1,-1,-1,-1,
-1,-1,-1,-1,-1,-1,7,4,4,4,4,4,4,4,14,0,22,0,13,4,4,4,4,4,4,4,4,4,4,8,-1,-1,-1,-1,-1,-1,
-1,-1,-1,-1,-1,-1,5,41,1,1,1,1,41,1,3,0,22,0,2,1,41,1,1,1,1,1,41,1,1,6,-1,-1,-1,-1,-1,-1,
-1,-1,-1,-1,-1,-1,0,20,0,0,51,22,0,0,19,0,20,24,0,22,0,0,0,20,0,19,0,0,22,0,-1,-1,-1,-1,-1,-1,
-1,-1,-1,-1,-1,-1,0,0,0,0,0,0,22,0,0,0,0,0,19,0,22,0,22,0,0,0,0,0,20,51,-1,-1,-1,-1,-1,-1,
-1,-1,-1,-1,-1,-1,19,0,22,0,20,0,0,0,22,0,20,0,0,0,0,20,0,0,0,0,0,22,19,0,-1,-1,-1,-1,-1,-1,
-1,-1,-1,-1,-1,-1,0,0,0,-1,-1,-1,-1,-1,-1,-1,-1,-1,-1,-1,-1,-1,-1,-1,-1,-1,-1,0,0,0,-1,-1,-1,-1,-1,-1,
-1,-1,-1,-1,-1,-1,0,20,0,-1,-1,-1,7,4,4,4,4,4,4,4,4,4,4,8,-1,-1,-1,0,0,0,-1,-1,-1,-1,-1,-1,
-1,-1,-1,-1,-1,-1,0,22,0,-1,-1,-1,5,1,1,1,1,1,1,41,37,41,1,6,-1,-1,-1,20,0,0,-1,-1,-1,-1,-1,-1,
-1,-1,-1,-1,-1,-1,22,0,0,-1,-1,-1,0,0,0,0,20,0,0,0,0,22,24,19,-1,-1,-1,0,0,19,-1,-1,-1,-1,-1,-1,
-1,-1,-1,-1,-1,-1,0,0,19,-1,-1,-1,0,51,19,22,0,0,22,0,0,0,20,0,-1,-1,-1,0,0,22,-1,-1,-1,-1,-1,-1,
-1,-1,-1,-1,-1,-1,0,0,0,-1,-1,-1,20,0,0,0,0,23,21,0,0,51,0,0,-1,-1,-1,0,0,0,-1,-1,-1,-1,-1,-1,
-1,-1,-1,-1,-1,-1,20,22,0,-1,-1,-1,22,22,0,-1,-1,-1,25,0,20,22,52,0,-1,-1,-1,22,0,20,-1,-1,-1,-1,-1,-1,
-1,-1,-1,-1,-1,-1,0,0,0,-1,-1,-1,0,0,20,-1,-1,-1,0,22,0,0,0,0,-1,-1,-1,0,0,0,-1,-1,-1,-1,-1,-1,
-1,-1,-1,-1,-1,-1,0,0,0,-1,-1,-1,0,0,0,-1,-1,-1,0,20,0,20,0,23,-1,-1,-1,20,0,0,-1,-1,-1,-1,-1,-1,
-1,-1,-1,-1,-1,-1,51,0,0,-1,-1,-1,0,0,0,-1,-1,-1,-1,-1,-1,-1,-1,-1,-1,-1,-1,0,0,0,-1,-1,-1,-1,-1,-1,
-1,-1,-1,-1,-1,-1,0,0,55,-1,-1,-1,20,19,0,13,4,4,4,4,4,4,4,4,4,4,14,0,0,0,-1,-1,-1,-1,-1,-1,
-1,-1,-1,-1,-1,-1,0,0,0,-1,-1,-1,0,0,23,2,1,1,1,1,1,1,1,1,1,41,3,0,22,0,-1,-1,-1,-1,-1,-1,
-1,-1,-1,-1,-1,-1,0,0,0,-1,-1,-1,0,22,20,0,0,0,22,20,0,0,0,20,0,0,0,0,0,19,-1,-1,-1,-1,-1,-1,
-1,-1,-1,-1,-1,-1,0,20,22,-1,-1,-1,22,20,0,51,0,0,0,0,0,0,0,0,0,0,19,0,0,0,-1,-1,-1,-1,-1,-1,
-1,-1,-1,-1,-1,-1,0,0,0,-1,-1,-1,0,0,0,0,22,20,0,0,0,0,0,19,0,0,0,0,20,0,-1,-1,-1,-1,-1,-1,
-1,-1,-1,-1,-1,-1,21,0,20,-1,-1,-1,-1,-1,-1,-1,-1,-1,-1,-1,-1,0,0,22,22,0,22,0,0,0,-1,-1,-1,-1,-1,-1,
-1,-1,-1,-1,-1,-1,25,0,0,13,4,4,4,4,4,4,4,4,-1,-1,-1,20,22,20,0,0,0,51,0,0,-1,-1,-1,-1,-1,-1,
-1,-1,-1,-1,-1,-1,0,0,0,2,41,1,1,1,1,1,1,1,-1,-1,-1,22,20,0,51,23,54,0,19,20,-1,-1,-1,-1,-1,-1,
-1,-1,-1,-1,-1,-1,0,0,0,22,0,0,0,0,0,0,0,0,-1,-1,-1,0,0,0,53,25,58,23,21,0,-1,-1,-1,-1,-1,-1,
-1,-1,-1,-1,-1,-1,22,0,0,20,0,0,0,22,19,0,20,0,-1,-1,-1,0,19,0,0,20,0,24,25,0,-1,-1,-1,-1,-1,-1,
-1,-1,-1,-1,-1,-1,22,0,0,22,0,0,0,0,0,0,22,0,-1,-1,-1,0,0,22,0,0,0,20,0,0,-1,-1,-1,-1,-1,-1,
-1,-1,-1,-1,-1,-1,-1,-1,-1,-1,-1,-1,-1,-1,-1,0,20,51,-1,-1,-1,-1,-1,-1,-1,-1,-1,-1,-1,-1,-1,-1,-1,-1,-1,-1,
-1,-1,-1,-1,-1,-1,-1,-1,-1,-1,-1,-1,7,4,14,0,0,0,13,4,4,4,4,8,-1,-1,-1,-1,-1,-1,-1,-1,-1,-1,-1,-1,
-1,-1,-1,-1,-1,-1,-1,-1,-1,-1,-1,-1,5,1,3,21,22,0,2,41,1,1,41,6,-1,-1,-1,-1,-1,-1,-1,-1,-1,-1,-1,-1,
-1,-1,-1,-1,-1,-1,-1,-1,-1,-1,-1,-1,0,0,24,25,22,20,0,0,22,0,0,0,-1,-1,-1,-1,-1,-1,-1,-1,-1,-1,-1,-1,
-1,-1,-1,-1,-1,-1,-1,-1,-1,-1,-1,-1,0,22,0,19,0,0,0,0,55,0,20,0,-1,-1,-1,-1,-1,-1,-1,-1,-1,-1,-1,-1,
-1,-1,-1,-1,-1,-1,-1,-1,-1,-1,-1,-1,0,22,22,0,0,0,0,0,0,22,0,0,-1,-1,-1,-1,-1,-1,-1,-1,-1,-1,-1,-1,
-1,-1,-1,-1,-1,-1,-1,-1,-1,-1,-1,-1,-1,-1,-1,-1,-1,-1,-1,-1,-1,-1,-1,-1,-1,-1,-1,-1,-1,-1,-1,-1,-1,-1,-1,-1,
-1,-1,-1,-1,-1,-1,-1,-1,-1,-1,-1,-1,-1,-1,-1,-1,-1,-1,-1,-1,-1,-1,-1,-1,-1,-1,-1,-1,-1,-1,-1,-1,-1,-1,-1,-1,
-1,-1,-1,-1,-1,-1,-1,-1,-1,-1,-1,-1,-1,-1,-1,-1,-1,-1,-1,-1,-1,-1,-1,-1,-1,-1,-1,-1,-1,-1,-1,-1,-1,-1,-1,-1,

-1,-1,-1,-1,-1,-1,-1,-1,-1,-1,-1,-1,-1,-1,-1,-1,-1,-1,-1,-1,-1,-1,-1,-1,-1,-1,-1,-1,-1,-1,-1,-1,-1,-1,-1,-1,
-1,-1,-1,-1,-1,-1,-1,-1,-1,-1,-1,-1,-1,-1,-1,-1,-1,-1,-1,-1,-1,-1,-1,-1,-1,-1,-1,-1,-1,-1,-1,-1,-1,-1,-1,-1,
-1,-1,-1,-1,-1,-1,-1,-1,-1,-1,-1,-1,-1,-1,-1,-1,-1,-1,-1,-1,-1,-1,-1,-1,-1,-1,-1,-1,-1,-1,-1,-1,-1,-1,-1,-1,
-1,-1,-1,-1,-1,-1,-1,-1,-1,-1,-1,-1,-1,-1,-1,-1,-1,-1,-1,-1,-1,-1,-1,-1,-1,-1,-1,-1,-1,-1,-1,-1,-1,-1,-1,-1,
-1,-1,-1,-1,-1,-1,-1,-1,-1,-1,-1,-1,-1,-1,-1,-1,-1,-1,-1,-1,-1,-1,-1,-1,-1,-1,-1,-1,-1,-1,-1,-1,-1,-1,-1,-1,
-1,-1,-1,-1,-1,-1,-1,-1,-1,-1,-1,-1,-1,-1,-1,-1,-1,-1,-1,-1,-1,-1,-1,-1,-1,-1,-1,-1,-1,-1,-1,-1,-1,-1,-1,-1,
-1,-1,-1,-1,-1,-1,-1,-1,-1,-1,-1,-1,-1,-1,-1,-1,-1,-1,-1,-1,-1,-1,-1,-1,-1,-1,-1,-1,-1,-1,-1,-1,-1,-1,-1,-1,
-1,-1,-1,-1,-1,-1,-1,-1,-1,-1,-1,-1,-1,-1,-1,-1,-1,-1,-1,-1,-1,-1,-1,-1,-1,-1,-1,-1,-1,-1,-1,-1,-1,-1,-1,-1,
-1,-1,-1,-1,-1,-1,-1,-1,-1,-1,-1,-1,-1,-1,-1,-1,-1,-1,-1,-1,-1,-1,-1,-1,-1,-1,-1,-1,-1,-1,-1,-1,-1,-1,-1,-1,
-1,-1,-1,-1,-1,-1,-1,-1,-1,-1,-1,-1,10,-1,-1,-1,-1,-1,-1,-1,-1,-1,-1,9,-1,-1,-1,-1,-1,-1,-1,-1,-1,-1,-1,-1,
-1,-1,-1,-1,-1,-1,-1,-1,-1,-1,-1,-1,10,-1,-1,-1,-1,-1,-1,-1,-1,-1,-1,9,-1,-1,-1,-1,-1,-1,-1,-1,-1,-1,-1,-1,
-1,-1,-1,-1,-1,-1,-1,-1,-1,-1,-1,-1,11,4,8,-1,-1,-1,7,4,43,4,4,12,-1,-1,-1,-1,-1,-1,-1,-1,-1,-1,-1,-1,
-1,-1,-1,-1,-1,-1,-1,-1,-1,-1,-1,-1,2,1,6,-1,-1,-1,5,1,44,1,1,3,-1,-1,-1,-1,-1,-1,-1,-1,-1,-1,-1,-1,
-1,-1,-1,-1,-1,-1,-1,-1,-1,-1,-1,-1,-1,-1,-1,-1,-1,-1,-1,-1,46,-1,-1,-1,-1,-1,-1,-1,-1,-1,-1,-1,-1,-1,-1,-1,
-1,-1,-1,-1,-1,-1,-1,-1,-1,-1,-1,-1,-1,-1,-1,-1,-1,-1,-1,-1,-1,-1,-1,-1,-1,-1,-1,-1,-1,-1,-1,-1,-1,-1,-1,-1,
-1,-1,-1,-1,-1,-1,10,-1,-1,-1,-1,-1,-1,-1,-1,-1,-1,-1,-1,-1,-1,-1,-1,-1,-1,-1,-1,-1,-1,9,-1,-1,-1,-1,-1,-1,
-1,-1,-1,-1,-1,-1,10,-1,-1,-1,-1,-1,-1,-1,-1,-1,-1,-1,-1,-1,-1,-1,-1,-1,-1,-1,-1,-1,-1,9,-1,-1,-1,-1,-1,-1,
-1,-1,-1,-1,-1,-1,10,-1,-1,7,4,43,4,4,4,4,4,4,4,4,4,4,4,4,43,4,8,-1,-1,9,-1,-1,-1,-1,-1,-1,
-1,-1,-1,-1,-1,-1,10,-1,-1,5,1,44,1,1,1,1,1,1,1,1,1,1,1,1,44,1,6,-1,-1,9,-1,-1,-1,-1,-1,-1,
-1,-1,-1,-1,-1,-1,10,-1,-1,10,-1,46,-1,-1,-1,-1,-1,-1,-1,-1,-1,-1,-1,-1,46,-1,9,-1,-1,9,-1,-1,-1,-1,-1,-1,
-1,-1,-1,-1,-1,-1,10,-1,-1,10,-1,-1,-1,-1,-1,-1,-1,-1,-1,-1,-1,-1,-1,-1,-1,-1,9,-1,-1,9,-1,-1,-1,-1,-1,-1,
-1,-1,-1,-1,-1,-1,10,-1,-1,10,-1,-1,10,-1,-1,-1,-1,-1,-1,-1,-1,-1,-1,9,-1,-1,9,-1,-1,9,-1,-1,-1,-1,-1,-1,
-1,-1,-1,-1,-1,-1,10,-1,-1,10,-1,-1,10,-1,-1,-1,-1,-1,-1,-1,-1,-1,-1,9,-1,-1,9,-1,-1,9,-1,-1,-1,-1,-1,-1,
-1,-1,-1,-1,-1,-1,10,-1,-1,10,-1,-1,10,-1,-1,7,43,4,18,-1,-1,-1,-1,9,-1,-1,9,-1,-1,9,-1,-1,-1,-1,-1,-1,
-1,-1,-1,-1,-1,-1,10,-1,-1,10,-1,-1,10,-1,-1,5,44,1,10,-1,-1,-1,-1,9,-1,-1,9,-1,-1,9,-1,-1,-1,-1,-1,-1,
-1,-1,-1,-1,-1,-1,10,-1,-1,10,-1,-1,10,-1,-1,10,46,-1,10,-1,-1,-1,-1,9,-1,-1,9,-1,-1,9,-1,-1,-1,-1,-1,-1,
-1,-1,-1,-1,-1,-1,10,-1,-1,10,-1,-1,10,-1,-1,10,-1,-1,11,4,4,4,4,12,-1,-1,9,-1,-1,9,-1,-1,-1,-1,-1,-1,
-1,-1,-1,-1,-1,-1,10,-1,-1,10,-1,-1,10,-1,-1,10,-1,-1,2,1,1,1,1,3,-1,-1,9,-1,-1,9,-1,-1,-1,-1,-1,-1,
-1,-1,-1,-1,-1,-1,10,-1,-1,10,-1,-1,10,-1,-1,-1,-1,-1,-1,-1,-1,-1,-1,-1,-1,-1,-1,-1,-1,9,-1,-1,-1,-1,-1,-1,
-1,-1,-1,-1,-1,-1,10,-1,-1,10,-1,-1,10,-1,-1,-1,-1,-1,-1,-1,-1,-1,-1,-1,-1,-1,-1,-1,-1,9,-1,-1,-1,-1,-1,-1,
-1,-1,-1,-1,-1,-1,10,-1,-1,10,-1,-1,10,-1,-1,-1,-1,-1,-1,-1,-1,-1,-1,-1,-1,-1,-1,-1,-1,9,-1,-1,-1,-1,-1,-1,
-1,-1,-1,-1,-1,-1,10,-1,-1,10,-1,-1,10,-1,-1,-1,-1,-1,-1,-1,-1,-1,-1,-1,-1,-1,-1,-1,-1,9,-1,-1,-1,-1,-1,-1,
-1,-1,-1,-1,-1,-1,10,-1,-1,10,-1,-1,11,4,43,4,4,4,4,4,4,18,-1,-1,-1,-1,-1,-1,-1,9,-1,-1,-1,-1,-1,-1,
-1,-1,-1,-1,-1,-1,10,-1,-1,10,-1,-1,2,1,44,1,1,1,1,1,1,10,-1,-1,-1,-1,-1,-1,-1,9,-1,-1,-1,-1,-1,-1,
-1,-1,-1,-1,-1,-1,10,-1,-1,-1,-1,-1,-1,-1,46,-1,-1,-1,18,-1,-1,10,-1,-1,-1,-1,-1,-1,-1,9,-1,-1,-1,-1,-1,-1,
-1,-1,-1,-1,-1,-1,10,-1,-1,-1,-1,-1,-1,-1,-1,-1,-1,-1,10,-1,-1,10,-1,-1,-1,-1,-1,-1,-1,9,-1,-1,-1,-1,-1,-1,
-1,-1,-1,-1,-1,-1,10,-1,-1,-1,-1,-1,-1,-1,-1,-1,-1,-1,10,-1,-1,10,-1,-1,-1,-1,-1,-1,-1,9,-1,-1,-1,-1,-1,-1,
-1,-1,-1,-1,-1,-1,10,-1,-1,-1,-1,-1,-1,-1,-1,-1,-1,-1,10,-1,-1,10,-1,-1,-1,-1,-1,-1,-1,9,-1,-1,-1,-1,-1,-1,
-1,-1,-1,-1,-1,-1,11,4,4,4,4,4,4,4,8,-1,-1,-1,10,-1,-1,11,4,4,4,4,4,4,43,12,-1,-1,-1,-1,-1,-1,
-1,-1,-1,-1,-1,-1,2,1,1,1,1,1,1,1,6,-1,-1,-1,10,-1,-1,2,1,1,1,1,1,1,44,3,-1,-1,-1,-1,-1,-1,
-1,-1,-1,-1,-1,-1,-1,-1,-1,-1,-1,-1,-1,-1,-1,-1,-1,-1,-1,-1,-1,-1,-1,-1,-1,-1,-1,-1,46,-1,-1,-1,-1,-1,-1,-1,
-1,-1,-1,-1,-1,-1,-1,-1,-1,-1,-1,-1,-1,-1,-1,-1,-1,-1,-1,-1,-1,-1,-1,-1,-1,-1,-1,-1,-1,-1,-1,-1,-1,-1,-1,-1,
-1,-1,-1,-1,-1,-1,-1,-1,-1,-1,-1,-1,10,-1,-1,-1,-1,-1,-1,-1,-1,-1,-1,9,-1,-1,-1,-1,-1,-1,-1,-1,-1,-1,-1,-1,
-1,-1,-1,-1,-1,-1,-1,-1,-1,-1,-1,-1,10,-1,-1,-1,-1,-1,-1,-1,-1,-1,-1,9,-1,-1,-1,-1,-1,-1,-1,-1,-1,-1,-1,-1,
-1,-1,-1,-1,-1,-1,-1,-1,-1,-1,-1,-1,11,4,4,4,4,4,4,4,4,4,4,12,-1,-1,-1,-1,-1,-1,-1,-1,-1,-1,-1,-1,
-1,-1,-1,-1,-1,-1,-1,-1,-1,-1,-1,-1,2,1,1,1,1,1,1,1,1,1,1,3,-1,-1,-1,-1,-1,-1,-1,-1,-1,-1,-1,-1,
-1,-1,-1,-1,-1,-1,-1,-1,-1,-1,-1,-1,-1,-1,-1,-1,-1,-1,-1,-1,-1,-1,-1,-1,-1,-1,-1,-1,-1,-1,-1,-1,-1,-1,-1,-1,
-1,-1,-1,-1,-1,-1,-1,-1,-1,-1,-1,-1,-1,-1,-1,-1,-1,-1,-1,-1,-1,-1,-1,-1,-1,-1,-1,-1,-1,-1,-1,-1,-1,-1,-1,-1,

-1,-1,-1,-1,-1,-1,-1,-1,-1,-1,-1,-1,-1,-1,-1,-1,-1,-1,-1,-1,-1,-1,-1,-1,-1,-1,-1,-1,-1,-1,-1,-1,-1,-1,-1,-1,
-1,-1,-1,-1,-1,-1,-1,-1,-1,-1,-1,-1,-1,-1,-1,-1,-1,-1,-1,-1,-1,-1,-1,-1,-1,-1,-1,-1,-1,-1,-1,-1,-1,-1,-1,-1,
-1,-1,-1,-1,-1,-1,-1,-1,-1,-1,-1,-1,-1,-1,-1,-1,-1,-1,-1,-1,-1,-1,-1,-1,-1,-1,-1,-1,-1,-1,-1,-1,-1,-1,-1,-1,
-1,-1,-1,-1,-1,-1,-1,-1,-1,-1,-1,-1,-1,-1,-1,-1,-1,-1,-1,-1,-1,-1,-1,-1,-1,-1,-1,-1,-1,-1,-1,-1,-1,-1,-1,-1,
-1,-1,-1,-1,-1,-1,-1,-1,-1,-1,-1,-1,-1,-1,-1,-1,-1,-1,-1,-1,-1,-1,-1,-1,-1,-1,-1,-1,-1,-1,-1,-1,-1,-1,-1,-1,
-1,-1,-1,-1,-1,-1,-1,-1,-1,-1,-1,-1,-1,-1,-1,-1,-1,-1,-1,-1,-1,-1,-1,-1,-1,-1,-1,-1,-1,-1,-1,-1,-1,-1,-1,-1,
-1,-1,-1,-1,-1,-1,-1,-1,-1,-1,-1,-1,-1,-1,-1,-1,-1,-1,-1,-1,-1,-1,-1,-1,-1,-1,-1,-1,-1,-1,-1,-1,-1,-1,-1,-1,
-1,-1,-1,-1,-1,-1,-1,-1,-1,-1,-1,-1,-1,-1,-1,-1,-1,-1,-1,-1,-1,-1,-1,-1,-1,-1,-1,-1,-1,-1,-1,-1,-1,-1,-1,-1,
-1,-1,-1,-1,-1,-1,-1,-1,-1,-1,-1,-1,0,0,0,0,0,0,0,0,0,0,0,0,-1,-1,-1,-1,-1,-1,-1,-1,-1,-1,-1,-1,
-1,-1,-1,-1,-1,-1,-1,-1,-1,-1,-1,-1,1,-1,-1,-1,-1,-1,-1,-1,-1,-1,-1,2,-1,-1,-1,-1,-1,-1,-1,-1,-1,-1,-1,-1,
-1,-1,-1,-1,-1,-1,-1,-1,-1,-1,-1,-1,1,-1,-1,-1,-1,-1,-1,-1,-1,-1,-1,2,-1,-1,-1,-1,-1,-1,-1,-1,-1,-1,-1,-1,
-1,-1,-1,-1,-1,-1,-1,-1,-1,-1,-1,-1,1,-1,-1,-1,-1,-1,-1,-1,-1,-1,-1,2,-1,-1,-1,-1,-1,-1,-1,-1,-1,-1,-1,-1,
-1,-1,-1,-1,-1,-1,-1,-1,-1,-1,-1,-1,31,3,3,-1,-1,-1,3,3,3,3,3,32,-1,-1,-1,-1,-1,-1,-1,-1,-1,-1,-1,-1,
-1,-1,-1,-1,-1,-1,-1,-1,-1,-1,-1,-1,-1,-1,2,-1,-1,-1,1,-1,-1,-1,-1,-1,-1,-1,-1,-1,-1,-1,-1,-1,-1,-1,-1,-1,
-1,-1,-1,-1,-1,-1,0,0,0,0,0,0,0,0,0,-1,-1,-1,0,0,0,0,0,0,0,0,0,0,0,0,-1,-1,-1,-1,-1,-1,
-1,-1,-1,-1,-1,-1,1,-1,-1,-1,-1,-1,-1,-1,-1,-1,-1,-1,-1,-1,-1,-1,-1,-1,-1,-1,-1,-1,-1,2,-1,-1,-1,-1,-1,-1,
-1,-1,-1,-1,-1,-1,1,-1,-1,-1,-1,-1,-1,-1,-1,-1,-1,-1,-1,-1,-1,-1,-1,-1,-1,-1,-1,-1,-1,2,-1,-1,-1,-1,-1,-1,
-1,-1,-1,-1,-1,-1,1,-1,-1,-1,-1,-1,-1,-1,-1,-1,-1,-1,-1,-1,-1,-1,-1,-1,-1,-1,-1,-1,-1,2,-1,-1,-1,-1,-1,-1,
-1,-1,-1,-1,-1,-1,1,-1,-1,3,3,3,3,3,3,3,3,3,3,3,3,3,3,3,3,3,3,-1,-1,2,-1,-1,-1,-1,-1,-1,
-1,-1,-1,-1,-1,-1,1,-1,-1,1,-1,-1,-1,-1,-1,-1,-1,-1,-1,-1,-1,-1,-1,-1,-1,-1,2,-1,-1,2,-1,-1,-1,-1,-1,-1,
-1,-1,-1,-1,-1,-1,1,-1,-1,1,-1,-1,0,0,0,0,0,0,0,0,0,0,0,0,-1,-1,2,-1,-1,2,-1,-1,-1,-1,-1,-1,
-1,-1,-1,-1,-1,-1,1,-1,-1,1,-1,-1,1,-1,-1,-1,-1,-1,-1,-1,-1,-1,-1,2,-1,-1,2,-1,-1,2,-1,-1,-1,-1,-1,-1,
-1,-1,-1,-1,-1,-1,1,-1,-1,1,-1,-1,1,-1,-1,-1,-1,-1,-1,-1,-1,-1,-1,2,-1,-1,2,-1,-1,2,-1,-1,-1,-1,-1,-1,
-1,-1,-1,-1,-1,-1,1,-1,-1,1,-1,-1,1,-1,-1,-1,-1,-1,-1,-1,-1,-1,-1,2,-1,-1,2,-1,-1,2,-1,-1,-1,-1,-1,-1,
-1,-1,-1,-1,-1,-1,1,-1,-1,1,-1,-1,1,-1,-1,3,3,3,1,-1,-1,-1,-1,2,-1,-1,2,-1,-1,2,-1,-1,-1,-1,-1,-1,
-1,-1,-1,-1,-1,-1,1,-1,-1,1,-1,-1,1,-1,-1,1,-1,-1,1,-1,-1,-1,-1,2,-1,-1,2,-1,-1,2,-1,-1,-1,-1,-1,-1,
-1,-1,-1,-1,-1,-1,1,-1,-1,1,-1,-1,1,-1,-1,1,-1,-1,1,-1,-1,-1,-1,2,-1,-1,2,-1,-1,2,-1,-1,-1,-1,-1,-1,
-1,-1,-1,-1,-1,-1,1,-1,-1,1,-1,-1,1,-1,-1,1,-1,-1,31,3,3,3,3,32,-1,-1,2,-1,-1,2,-1,-1,-1,-1,-1,-1,
-1,-1,-1,-1,-1,-1,1,-1,-1,1,-1,-1,1,-1,-1,1,-1,-1,-1,-1,-1,-1,-1,-1,-1,-1,2,-1,-1,2,-1,-1,-1,-1,-1,-1,
-1,-1,-1,-1,-1,-1,1,-1,-1,1,-1,-1,1,-1,-1,0,0,0,0,0,0,0,0,0,0,0,0,-1,-1,2,-1,-1,-1,-1,-1,-1,
-1,-1,-1,-1,-1,-1,1,-1,-1,1,-1,-1,1,-1,-1,-1,-1,-1,-1,-1,-1,-1,-1,-1,-1,-1,-1,-1,-1,2,-1,-1,-1,-1,-1,-1,
-1,-1,-1,-1,-1,-1,1,-1,-1,1,-1,-1,1,-1,-1,-1,-1,-1,-1,-1,-1,-1,-1,-1,-1,-1,-1,-1,-1,2,-1,-1,-1,-1,-1,-1,
-1,-1,-1,-1,-1,-1,1,-1,-1,1,-1,-1,1,-1,-1,-1,-1,-1,-1,-1,-1,-1,-1,-1,-1,-1,-1,-1,-1,2,-1,-1,-1,-1,-1,-1,
-1,-1,-1,-1,-1,-1,1,-1,-1,1,-1,-1,31,3,3,3,3,3,3,3,3,1,-1,-1,-1,-1,-1,-1,-1,2,-1,-1,-1,-1,-1,-1,
-1,-1,-1,-1,-1,-1,1,-1,-1,1,-1,-1,-1,-1,-1,-1,-1,-1,-1,-1,-1,1,-1,-1,-1,-1,-1,-1,-1,2,-1,-1,-1,-1,-1,-1,
-1,-1,-1,-1,-1,-1,1,-1,-1,0,0,0,0,0,0,0,0,0,1,-1,-1,1,-1,-1,-1,-1,-1,-1,-1,2,-1,-1,-1,-1,-1,-1,
-1,-1,-1,-1,-1,-1,1,-1,-1,-1,-1,-1,-1,-1,-1,-1,-1,-1,1,-1,-1,1,-1,-1,-1,-1,-1,-1,-1,2,-1,-1,-1,-1,-1,-1,
-1,-1,-1,-1,-1,-1,1,-1,-1,-1,-1,-1,-1,-1,-1,-1,-1,-1,1,-1,-1,1,-1,-1,-1,-1,-1,-1,-1,2,-1,-1,-1,-1,-1,-1,
-1,-1,-1,-1,-1,-1,1,-1,-1,-1,-1,-1,-1,-1,-1,-1,-1,-1,1,-1,-1,1,-1,-1,-1,-1,-1,-1,-1,2,-1,-1,-1,-1,-1,-1,
-1,-1,-1,-1,-1,-1,31,3,3,3,3,3,3,3,3,-1,-1,-1,1,-1,-1,31,3,3,3,3,3,3,3,32,-1,-1,-1,-1,-1,-1,
-1,-1,-1,-1,-1,-1,-1,-1,-1,-1,-1,-1,-1,-1,2,-1,-1,-1,1,-1,-1,-1,-1,-1,-1,-1,-1,-1,-1,-1,-1,-1,-1,-1,-1,-1,
-1,-1,-1,-1,-1,-1,-1,-1,-1,-1,-1,-1,0,0,0,-1,-1,-1,0,0,0,0,0,0,-1,-1,-1,-1,-1,-1,-1,-1,-1,-1,-1,-1,
-1,-1,-1,-1,-1,-1,-1,-1,-1,-1,-1,-1,1,-1,-1,-1,-1,-1,-1,-1,-1,-1,-1,2,-1,-1,-1,-1,-1,-1,-1,-1,-1,-1,-1,-1,
-1,-1,-1,-1,-1,-1,-1,-1,-1,-1,-1,-1,1,-1,-1,-1,-1,-1,-1,-1,-1,-1,-1,2,-1,-1,-1,-1,-1,-1,-1,-1,-1,-1,-1,-1,
-1,-1,-1,-1,-1,-1,-1,-1,-1,-1,-1,-1,1,-1,-1,-1,-1,-1,-1,-1,-1,-1,-1,2,-1,-1,-1,-1,-1,-1,-1,-1,-1,-1,-1,-1,
-1,-1,-1,-1,-1,-1,-1,-1,-1,-1,-1,-1,31,3,3,3,3,3,3,3,3,3,3,32,-1,-1,-1,-1,-1,-1,-1,-1,-1,-1,-1,-1,
-1,-1,-1,-1,-1,-1,-1,-1,-1,-1,-1,-1,-1,-1,-1,-1,-1,-1,-1,-1,-1,-1,-1,-1,-1,-1,-1,-1,-1,-1,-1,-1,-1,-1,-1,-1,
-1,-1,-1,-1,-1,-1,-1,-1,-1,-1,-1,-1,-1,-1,-1,-1,-1,-1,-1,-1,-1,-1,-1,-1,-1,-1,-1,-1,-1,-1,-1,-1,-1,-1,-1,-1,

-1,-1,-1,-1,-1,-1,-1,-1,-1,-1,-1,-1,-1,-1,-1,-1,-1,-1,-1,-1,-1,-1,-1,-1,-1,-1,-1,-1,-1,-1,-1,-1,-1,-1,-1,-1,
-1,-1,-1,-1,-1,-1,-1,-1,-1,-1,-1,-1,-1,-1,-1,-1,-1,-1,-1,-1,-1,-1,-1,-1,-1,-1,-1,-1,-1,-1,-1,-1,-1,-1,-1,-1,
-1,-1,-1,-1,-1,-1,-1,-1,-1,-1,-1,-1,-1,-1,-1,-1,-1,-1,-1,-1,-1,-1,-1,-1,-1,-1,-1,-1,-1,-1,-1,-1,-1,-1,-1,-1,
-1,-1,-1,-1,-1,-1,-1,-1,-1,-1,-1,-1,-1,-1,-1,-1,-1,-1,-1,-1,-1,-1,-1,-1,-1,-1,-1,-1,-1,-1,-1,-1,-1,-1,-1,-1,
-1,-1,-1,-1,-1,-1,-1,-1,-1,-1,-1,-1,-1,-1,-1,-1,-1,-1,-1,-1,-1,-1,-1,-1,-1,-1,-1,-1,-1,-1,-1,-1,-1,-1,-1,-1,
-1,-1,-1,-1,-1,-1,-1,-1,-1,-1,-1,-1,-1,-1,-1,-1,-1,-1,-1,-1,-1,-1,-1,-1,-1,-1,-1,-1,-1,-1,-1,-1,-1,-1,-1,-1,
-1,-1,-1,-1,-1,-1,-1,-1,-1,-1,-1,-1,-1,-1,-1,-1,-1,-1,-1,-1,-1,-1,-1,-1,-1,-1,-1,-1,-1,-1,-1,-1,-1,-1,-1,-1,
-1,-1,-1,-1,-1,-1,-1,-1,-1,-1,-1,-1,-1,-1,-1,-1,-1,-1,-1,-1,-1,-1,-1,-1,-1,-1,-1,-1,-1,-1,-1,-1,-1,-1,-1,-1,
-1,-1,-1,-1,-1,-1,-1,-1,-1,-1,-1,-1,-1,-1,-1,-1,-1,-1,-1,-1,-1,-1,-1,-1,-1,-1,-1,-1,-1,-1,-1,-1,-1,-1,-1,-1,
-1,-1,-1,-1,-1,-1,-1,-1,-1,-1,-1,-1,-1,-1,-1,-1,-1,-1,-1,-1,-1,-1,-1,-1,-1,-1,-1,-1,-1,-1,-1,-1,-1,-1,-1,-1,
-1,-1,-1,-1,-1,-1,-1,-1,-1,-1,-1,-1,-1,-1,7,-1,-1,-1,-1,-1,-1,-1,-1,-1,-1,-1,-1,-1,-1,-1,-1,-1,-1,-1,-1,-1,
-1,-1,-1,-1,-1,-1,-1,-1,-1,-1,-1,-1,-1,-1,-1,-1,-1,-1,-1,-1,-1,-1,-1,-1,-1,-1,-1,-1,-1,-1,-1,-1,-1,-1,-1,-1,
-1,-1,-1,-1,-1,-1,-1,-1,-1,-1,-1,-1,-1,-1,-1,-1,-1,-1,-1,-1,-1,-1,-1,-1,-1,-1,-1,-1,-1,-1,-1,-1,-1,-1,-1,-1,
-1,-1,-1,-1,-1,-1,-1,-1,-1,-1,-1,-1,-1,-1,-1,-1,14,-1,-1,-1,-1,-1,-1,-1,-1,-1,-1,-1,-1,-1,-1,-1,-1,-1,-1,-1,
-1,-1,-1,-1,-1,-1,-1,-1,-1,-1,-1,-1,-1,-1,-1,-1,-1,-1,-1,-1,-1,-1,-1,-1,-1,-1,-1,-1,-1,-1,-1,-1,-1,-1,-1,-1,
-1,-1,-1,-1,-1,-1,-1,-1,-1,-1,3,-1,-1,-1,-1,-1,-1,-1,-1,7,-1,-1,-1,3,-1,-1,-1,-1,-1,-1,-1,-1,-1,-1,-1,-1,
-1,-1,-1,-1,-1,-1,-1,7,-1,-1,-1,-1,-1,7,-1,-1,-1,-1,-1,-1,-1,-1,-1,-1,-1,-1,-1,7,-1,-1,-1,-1,-1,-1,-1,-1,
-1,-1,-1,-1,-1,-1,-1,-1,-1,-1,-1,-1,-1,-1,-1,-1,-1,-1,-1,14,-1,-1,-1,-1,-1,-1,-1,-1,-1,-1,-1,-1,-1,-1,-1,-1,
-1,-1,-1,-1,-1,-1,-1,-1,-1,-1,-1,-1,-1,-1,-1,-1,-1,-1,-1,-1,-1,-1,-1,-1,-1,-1,-1,-1,-1,-1,-1,-1,-1,-1,-1,-1,
-1,-1,-1,-1,-1,-1,-1,-1,-1,-1,-1,-1,-1,-1,-1,-1,-1,-1,-1,-1,-1,-1,-1,-1,-1,-1,-1,-1,-1,-1,-1,-1,-1,-1,-1,-1,
-1,-1,-1,-1,-1,-1,-1,7,-1,-1,-1,-1,-1,-1,-1,-1,-1,-1,-1,-1,-1,-1,-1,-1,-1,-1,-1,-1,-1,-1,-1,-1,-1,-1,-1,-1,
-1,-1,-1,-1,-1,-1,-1,-1,-1,-1,-1,-1,-1,-1,-1,7,-1,-1,-1,-1,-1,-1,-1,-1,-1,-1,-1,14,-1,-1,-1,-1,-1,-1,-1,-1,
-1,-1,-1,-1,-1,-1,-1,-1,-1,-1,-1,-1,-1,-1,-1,-1,-1,-1,-1,-1,-1,-1,-1,-1,-1,-1,-1,-1,-1,-1,-1,-1,-1,-1,-1,-1,
-1,-1,-1,-1,-1,-1,-1,-1,-1,-1,-1,-1,14,-1,-1,-1,-1,-1,-1,-1,-1,-1,-1,-1,-1,-1,-1,-1,7,-1,-1,-1,-1,-1,-1,-1,
-1,-1,-1,-1,-1,-1,-1,-1,-1,-1,-1,-1,-1,-1,-1,-1,-1,-1,-1,-1,-1,-1,-1,7,-1,-1,-1,-1,-1,-1,-1,-1,-1,-1,-1,-1,
-1,-1,-1,-1,-1,-1,3,7,-1,-1,-1,-1,-1,-1,14,-1,-1,-1,-1,3,-1,-1,14,-1,-1,-1,-1,-1,-1,-1,-1,-1,-1,-1,-1,-1,
-1,-1,-1,-1,-1,-1,-1,-1,-1,-1,-1,-1,-1,-1,-1,-1,-1,-1,-1,-1,-1,-1,-1,-1,-1,-1,-1,-1,-1,-1,-1,-1,-1,-1,-1,-1,
-1,-1,-1,-1,-1,-1,-1,-1,-1,-1,-1,-1,-1,-1,-1,-1,-1,-1,-1,-1,-1,-1,-1,-1,-1,-1,-1,-1,-1,-1,-1,-1,-1,-1,-1,-1,
-1,-1,-1,-1,-1,-1,-1,-1,-1,-1,-1,-1,-1,-1,-1,-1,-1,-1,-1,-1,-1,-1,-1,-1,-1,-1,-1,-1,-1,-1,-1,-1,-1,-1,-1,-1,
-1,-1,-1,-1,-1,-1,-1,-1,-1,-1,-1,-1,-1,7,-1,-1,-1,-1,-1,-1,-1,-1,-1,-1,-1,-1,-1,-1,7,-1,-1,-1,-1,-1,-1,-1,
-1,-1,-1,-1,-1,-1,-1,-1,-1,-1,-1,-1,-1,14,-1,-1,-1,-1,-1,-1,3,-1,-1,-1,-1,-1,-1,-1,-1,-1,-1,-1,-1,-1,-1,-1,
-1,-1,-1,-1,-1,-1,-1,-1,7,-1,-1,-1,-1,-1,-1,-1,-1,-1,-1,-1,-1,-1,-1,-1,-1,-1,-1,-1,-1,-1,-1,-1,-1,-1,-1,-1,
-1,-1,-1,-1,-1,-1,-1,3,-1,-1,-1,-1,-1,-1,-1,-1,-1,-1,-1,7,-1,-1,-1,-1,-1,-1,-1,-1,3,-1,-1,-1,-1,-1,-1,-1,
-1,-1,-1,-1,-1,-1,-1,-1,-1,-1,-1,-1,-1,-1,-1,-1,-1,-1,-1,-1,-1,-1,-1,-1,-1,-1,-1,-1,-1,-1,-1,-1,-1,-1,-1,-1,
-1,-1,-1,-1,-1,-1,-1,-1,-1,-1,-1,-1,-1,-1,-1,-1,-1,-1,-1,-1,-1,-1,-1,-1,-1,-1,-1,-1,-1,-1,-1,-1,-1,-1,-1,-1,
-1,-1,-1,-1,-1,-1,-1,-1,-1,-1,-1,-1,-1,-1,-1,-1,-1,-1,-1,-1,-1,-1,-1,-1,-1,-1,-1,-1,7,-1,-1,-1,-1,-1,-1,-1,
-1,-1,-1,-1,-1,-1,-1,-1,-1,-1,-1,-1,-1,-1,-1,-1,-1,-1,-1,-1,-1,14,3,-1,-1,-1,-1,-1,-1,14,-1,-1,-1,-1,-1,-1,
-1,-1,-1,-1,-1,-1,3,-1,-1,-1,-1,-1,-1,-1,-1,-1,-1,-1,-1,-1,-1,-1,-1,-1,-1,-1,-1,-1,-1,-1,-1,-1,-1,-1,-1,-1,
-1,-1,-1,-1,-1,-1,-1,-1,7,-1,14,-1,-1,7,-1,-1,-1,-1,-1,-1,-1,-1,-1,7,-1,-1,-1,-1,-1,-1,-1,-1,-1,-1,-1,-1,
-1,-1,-1,-1,-1,-1,-1,-1,-1,-1,-1,-1,-1,-1,-1,-1,-1,-1,-1,-1,-1,-1,-1,-1,-1,-1,-1,-1,-1,-1,-1,-1,-1,-1,-1,-1,
-1,-1,-1,-1,-1,-1,-1,-1,-1,-1,-1,-1,-1,-1,-1,-1,-1,-1,-1,-1,-1,-1,-1,-1,-1,-1,-1,-1,-1,-1,-1,-1,-1,-1,-1,-1,
-1,-1,-1,-1,-1,-1,-1,-1,-1,-1,-1,-1,-1,-1,-1,-1,-1,-1,-1,-1,-1,-1,-1,-1,-1,-1,-1,-1,-1,-1,-1,-1,-1,-1,-1,-1,
-1,-1,-1,-1,-1,-1,-1,-1,-1,-1,-1,-1,-1,-1,-1,-1,-1,-1,-1,-1,-1,-1,-1,-1,-1,-1,-1,-1,-1,-1,-1,-1,-1,-1,-1,-1,
-1,-1,-1,-1,-1,-1,-1,-1,-1,-1,-1,-1,-1,-1,-1,-1,-1,-1,-1,-1,-1,-1,-1,-1,-1,-1,-1,-1,-1,-1,-1,-1,-1,-1,-1,-1,
-1,-1,-1,-1,-1,-1,-1,-1,-1,-1,-1,-1,-1,-1,-1,-1,100,-1,-1,-1,-1,-1,-1,-1,-1,-1,-1,-1,-1,-1,-1,-1,-1,-1,-1,-1,
-1,-1,-1,-1,-1,-1,-1,-1,-1,-1,-1,-1,-1,-1,-1,-1,-1,-1,-1,-1,-1,-1,-1,-1,-1,-1,-1,-1,-1,-1,-1,-1,-1,-1,-1,-1,
-1,-1,-1,-1,-1,-1,-1,-1,-1,-1,-1,-1,-1,-1,-1,-1,-1,-1,-1,-1,-1,-1,-1,-1,-1,-1,-1,-1,-1,-1,-1,-1,-1,-1,-1,-1,
-1,-1,-1,-1,-1,-1,-1,-1,-1,-1,-1,-1,-1,-1,-1,-1,-1,-1,-1,-1,-1,-1,-1,-1,-1,-1,-1,-1,-1,-1,-1,-1,-1,-1,-1,-1,
