x: 18
y: 23
room type: 0
unlock time: 0

-1,-1,-1,-1,-1,-1,-1,-1,35,36,-1,-1,-1,-1,-1,-1,-1,-1,
-1,-1,-1,7,4,4,43,27,28,29,30,43,4,4,8,-1,-1,-1,
-1,-1,-1,5,38,1,44,31,32,33,34,44,1,38,6,-1,-1,-1,
-1,-1,-1,20,0,22,45,0,22,0,0,20,19,0,20,-1,-1,-1,
-1,-1,-1,0,19,0,0,20,0,22,0,0,19,0,0,-1,-1,-1,
-1,-1,-1,25,0,0,0,0,0,22,0,0,0,0,23,-1,-1,-1,
-1,-1,-1,0,20,55,0,20,0,20,0,0,22,0,24,-1,-1,-1,
-1,-1,-1,0,0,0,0,-1,-1,-1,-1,0,0,22,0,-1,-1,-1,
-1,-1,-1,0,0,0,0,-1,-1,-1,-1,54,0,20,0,-1,-1,-1,
-1,-1,-1,0,19,0,20,13,4,4,14,25,0,0,51,-1,-1,-1,
-1,-1,-1,0,20,0,22,2,59,1,3,0,0,22,0,-1,-1,-1,
-1,-1,-1,0,0,0,0,0,22,0,0,19,0,0,0,-1,-1,-1,
-1,-1,-1,22,22,0,20,0,0,0,22,0,0,0,20,-1,-1,-1,
-1,-1,-1,0,0,0,0,0,19,20,0,0,0,19,0,-1,-1,-1,
-1,-1,-1,0,20,0,0,0,0,0,0,0,0,20,0,-1,-1,-1,
-1,-1,-1,0,0,0,52,22,0,0,0,22,22,0,0,-1,-1,-1,
-1,-1,-1,0,51,0,23,-1,-1,-1,-1,0,0,0,0,-1,-1,-1,
-1,-1,-1,19,20,22,0,-1,-1,-1,-1,0,20,22,20,-1,-1,-1,
-1,-1,-1,0,22,0,20,-1,-1,-1,-1,0,0,19,0,-1,-1,-1,
-1,-1,-1,-1,-1,-1,-1,-1,-1,-1,-1,-1,-1,-1,-1,-1,-1,-1,
-1,-1,-1,-1,-1,-1,-1,-1,-1,-1,-1,-1,-1,-1,-1,-1,-1,-1,
-1,-1,-1,-1,-1,-1,-1,-1,-1,-1,-1,-1,-1,-1,-1,-1,-1,-1,
-1,-1,-1,-1,-1,-1,-1,-1,-1,-1,-1,-1,-1,-1,-1,-1,-1,-1,

-1,-1,-1,-1,-1,-1,-1,-1,-1,-1,-1,-1,-1,-1,-1,-1,-1,-1,
-1,-1,-1,-1,-1,-1,-1,-1,-1,-1,-1,-1,-1,-1,-1,-1,-1,-1,
-1,-1,-1,-1,-1,-1,-1,-1,-1,-1,-1,-1,-1,-1,-1,-1,-1,-1,
-1,-1,-1,10,-1,-1,-1,-1,-1,-1,-1,-1,-1,-1,9,-1,-1,-1,
-1,-1,-1,10,-1,-1,-1,-1,-1,-1,-1,-1,-1,-1,9,-1,-1,-1,
-1,-1,-1,10,-1,-1,-1,-1,-1,-1,-1,-1,-1,-1,9,-1,-1,-1,
-1,-1,-1,10,-1,-1,-1,7,4,4,8,-1,-1,-1,9,-1,-1,-1,
-1,-1,-1,10,-1,-1,-1,5,1,1,6,-1,-1,-1,9,-1,-1,-1,
-1,-1,-1,10,-1,-1,-1,10,-1,-1,9,-1,-1,-1,9,-1,-1,-1,
-1,-1,-1,10,-1,-1,-1,-1,-1,-1,-1,-1,-1,-1,9,-1,-1,-1,
-1,-1,-1,10,-1,-1,-1,-1,-1,-1,-1,-1,-1,-1,9,-1,-1,-1,
-1,-1,-1,10,-1,-1,-1,-1,-1,-1,-1,-1,-1,-1,9,-1,-1,-1,
-1,-1,-1,10,-1,-1,-1,-1,-1,-1,-1,-1,-1,-1,9,-1,-1,-1,
-1,-1,-1,10,-1,-1,-1,-1,-1,-1,-1,-1,-1,-1,9,-1,-1,-1,
-1,-1,-1,10,-1,-1,-1,-1,-1,-1,-1,-1,-1,-1,9,-1,-1,-1,
-1,-1,-1,10,-1,-1,17,4,4,4,4,18,-1,-1,9,-1,-1,-1,
-1,-1,-1,10,-1,-1,9,1,1,1,1,10,-1,-1,9,-1,-1,-1,
-1,-1,-1,10,-1,-1,9,-1,-1,-1,-1,10,-1,-1,9,-1,-1,-1,
-1,-1,-1,11,4,4,12,-1,-1,-1,-1,11,4,4,12,-1,-1,-1,
-1,-1,-1,2,1,1,3,-1,-1,-1,-1,2,1,1,3,-1,-1,-1,
-1,-1,-1,-1,-1,-1,-1,-1,-1,-1,-1,-1,-1,-1,-1,-1,-1,-1,
-1,-1,-1,-1,-1,-1,-1,-1,-1,-1,-1,-1,-1,-1,-1,-1,-1,-1,
-1,-1,-1,-1,-1,-1,-1,-1,-1,-1,-1,-1,-1,-1,-1,-1,-1,-1,

-1,-1,-1,-1,-1,-1,-1,-1,-1,-1,-1,-1,-1,-1,-1,-1,-1,-1,
-1,-1,-1,-1,-1,-1,-1,-1,-1,-1,-1,-1,-1,-1,-1,-1,-1,-1,
-1,-1,-1,0,0,0,0,0,0,0,0,0,0,0,0,-1,-1,-1,
-1,-1,-1,1,-1,-1,-1,-1,-1,-1,-1,-1,-1,-1,2,-1,-1,-1,
-1,-1,-1,1,-1,-1,-1,-1,-1,-1,-1,-1,-1,-1,2,-1,-1,-1,
-1,-1,-1,1,-1,-1,-1,-1,-1,-1,-1,-1,-1,-1,2,-1,-1,-1,
-1,-1,-1,1,-1,-1,-1,-1,-1,-1,-1,-1,-1,-1,2,-1,-1,-1,
-1,-1,-1,1,-1,-1,-1,3,3,3,3,-1,-1,-1,2,-1,-1,-1,
-1,-1,-1,1,-1,-1,-1,1,-1,-1,2,-1,-1,-1,2,-1,-1,-1,
-1,-1,-1,1,-1,-1,-1,1,-1,-1,2,-1,-1,-1,2,-1,-1,-1,
-1,-1,-1,1,-1,-1,-1,0,0,0,0,-1,-1,-1,2,-1,-1,-1,
-1,-1,-1,1,-1,-1,-1,-1,-1,-1,-1,-1,-1,-1,2,-1,-1,-1,
-1,-1,-1,1,-1,-1,-1,-1,-1,-1,-1,-1,-1,-1,2,-1,-1,-1,
-1,-1,-1,1,-1,-1,-1,-1,-1,-1,-1,-1,-1,-1,2,-1,-1,-1,
-1,-1,-1,1,-1,-1,-1,-1,-1,-1,-1,-1,-1,-1,2,-1,-1,-1,
-1,-1,-1,1,-1,-1,-1,-1,-1,-1,-1,-1,-1,-1,2,-1,-1,-1,
-1,-1,-1,1,-1,-1,2,3,3,3,3,1,-1,-1,2,-1,-1,-1,
-1,-1,-1,1,-1,-1,2,-1,-1,-1,-1,1,-1,-1,2,-1,-1,-1,
-1,-1,-1,1,-1,-1,2,-1,-1,-1,-1,1,-1,-1,2,-1,-1,-1,
-1,-1,-1,31,3,3,32,-1,-1,-1,-1,31,3,3,32,-1,-1,-1,
-1,-1,-1,-1,-1,-1,-1,-1,-1,-1,-1,-1,-1,-1,-1,-1,-1,-1,
-1,-1,-1,-1,-1,-1,-1,-1,-1,-1,-1,-1,-1,-1,-1,-1,-1,-1,
-1,-1,-1,-1,-1,-1,-1,-1,-1,-1,-1,-1,-1,-1,-1,-1,-1,-1,

-1,-1,-1,-1,-1,-1,-1,-1,-1,-1,-1,-1,-1,-1,-1,-1,-1,-1,
-1,-1,-1,-1,-1,-1,-1,-1,-1,-1,-1,-1,-1,-1,-1,-1,-1,-1,
-1,-1,-1,-1,-1,-1,-1,-1,-1,-1,-1,-1,-1,-1,-1,-1,-1,-1,
-1,-1,-1,-1,2,-1,-1,-1,-1,-1,-1,-1,12,-1,-1,-1,-1,-1,
-1,-1,-1,-1,-1,-1,-1,2,-1,-1,-1,13,-1,2,-1,-1,-1,-1,
-1,-1,-1,-1,-1,13,-1,-1,-1,2,-1,-1,-1,-1,-1,-1,-1,-1,
-1,-1,-1,-1,12,-1,-1,-1,-1,-1,-1,2,-1,-1,-1,-1,-1,-1,
-1,-1,-1,-1,-1,-1,-1,-1,-1,-1,-1,-1,-1,2,-1,-1,-1,-1,
-1,-1,-1,-1,2,-1,2,-1,-1,-1,-1,-1,-1,-1,-1,-1,-1,-1,
-1,-1,-1,-1,-1,-1,-1,-1,-1,-1,-1,-1,-1,13,-1,-1,-1,-1,
-1,-1,-1,-1,-1,-1,-1,-1,-1,-1,-1,-1,-1,-1,-1,-1,-1,-1,
-1,-1,-1,-1,-1,-1,-1,-1,-1,2,-1,-1,2,-1,-1,-1,-1,-1,
-1,-1,-1,-1,-1,-1,-1,-1,-1,-1,-1,-1,-1,-1,2,-1,-1,-1,
-1,-1,-1,-1,2,-1,-1,12,-1,-1,-1,-1,12,-1,-1,-1,-1,-1,
-1,-1,-1,-1,-1,-1,-1,-1,2,-1,-1,-1,2,-1,-1,-1,-1,-1,
-1,-1,-1,-1,-1,-1,-1,2,-1,-1,-1,-1,-1,-1,-1,-1,-1,-1,
-1,-1,-1,-1,-1,-1,-1,-1,-1,-1,-1,-1,-1,-1,-1,-1,-1,-1,
-1,-1,-1,-1,-1,-1,-1,-1,-1,-1,-1,-1,2,-1,-1,-1,-1,-1,
-1,-1,-1,-1,100,-1,-1,-1,-1,-1,-1,-1,-1,-1,-1,-1,-1,-1,
-1,-1,-1,-1,-1,-1,-1,-1,-1,-1,-1,-1,-1,-1,-1,-1,-1,-1,
-1,-1,-1,-1,-1,-1,-1,-1,-1,-1,-1,-1,-1,-1,-1,-1,-1,-1,
-1,-1,-1,-1,-1,-1,-1,-1,-1,-1,-1,-1,-1,-1,-1,-1,-1,-1,
-1,-1,-1,-1,-1,-1,-1,-1,-1,-1,-1,-1,-1,-1,-1,-1,-1,-1,
